##FastQC	0.12.1
>>Basic Statistics	pass
#Measure	Value
Filename	SRR16004291.fastq
File type	Conventional base calls
Encoding	Sanger / Illumina 1.9
Total Sequences	1048622
Total Bases	142.7 Mbp
Sequences flagged as poor quality	0
Sequence length	32-251
%GC	34
>>END_MODULE
>>Per base sequence quality	pass
#Base	Mean	Median	Lower Quartile	Upper Quartile	10th Percentile	90th Percentile
1	29.13913879357862	30.0	30.0	30.0	30.0	30.0
2	29.13913879357862	30.0	30.0	30.0	30.0	30.0
3	29.13913879357862	30.0	30.0	30.0	30.0	30.0
4	29.13913879357862	30.0	30.0	30.0	30.0	30.0
5	29.13913879357862	30.0	30.0	30.0	30.0	30.0
6	29.13913879357862	30.0	30.0	30.0	30.0	30.0
7	29.13913879357862	30.0	30.0	30.0	30.0	30.0
8	29.13913879357862	30.0	30.0	30.0	30.0	30.0
9	29.13913879357862	30.0	30.0	30.0	30.0	30.0
10-14	29.13913879357862	30.0	30.0	30.0	30.0	30.0
15-19	29.13913879357862	30.0	30.0	30.0	30.0	30.0
20-24	29.13913879357862	30.0	30.0	30.0	30.0	30.0
25-29	29.13913879357862	30.0	30.0	30.0	30.0	30.0
30-34	29.15173893426499	30.0	30.0	30.0	30.0	30.0
35-39	29.16756474775308	30.0	30.0	30.0	30.0	30.0
40-44	29.157205534940953	30.0	30.0	30.0	30.0	30.0
45-49	29.142978713065457	30.0	30.0	30.0	30.0	30.0
50-54	29.12451825610458	30.0	30.0	30.0	30.0	30.0
55-59	29.103305131743497	30.0	30.0	30.0	30.0	30.0
60-64	29.078422868227342	30.0	30.0	30.0	30.0	30.0
65-69	29.050204875782704	30.0	30.0	30.0	30.0	30.0
70-74	29.017756226087915	30.0	30.0	30.0	30.0	30.0
75-79	28.983067581520334	30.0	30.0	30.0	30.0	30.0
80-84	28.943285044421952	30.0	30.0	30.0	30.0	30.0
85-89	28.89938989061311	30.0	30.0	30.0	30.0	30.0
90-94	28.85044748874418	30.0	30.0	30.0	30.0	30.0
95-99	28.79732195721716	30.0	30.0	30.0	30.0	30.0
100-104	28.73995986275897	30.0	30.0	30.0	30.0	30.0
105-109	28.67714504439467	30.0	30.0	30.0	30.0	30.0
110-114	28.60934744689313	30.0	30.0	30.0	30.0	30.0
115-119	28.536504912508754	30.0	30.0	30.0	30.0	30.0
120-124	28.457781538689193	30.0	30.0	30.0	30.0	30.0
125-129	28.373060892614784	30.0	30.0	30.0	30.0	30.0
130-134	28.283372220179196	30.0	30.0	30.0	30.0	30.0
135-139	28.185938768809926	30.0	30.0	30.0	30.0	30.0
140-144	28.084965062649594	30.0	30.0	30.0	30.0	30.0
145-149	27.977151478255383	30.0	30.0	30.0	30.0	30.0
150-154	27.865294188139593	30.0	30.0	30.0	30.0	30.0
155-159	27.74715752096079	30.0	30.0	30.0	30.0	30.0
160-164	27.62711624070159	30.0	30.0	30.0	30.0	30.0
165-169	27.50047867674659	30.0	30.0	30.0	30.0	30.0
170-174	27.372953947822293	30.0	30.0	30.0	30.0	30.0
175-179	27.242169719986872	30.0	30.0	30.0	3.0	30.0
180-184	27.107821963680976	30.0	30.0	30.0	3.0	30.0
185-189	26.967403525222103	30.0	30.0	30.0	3.0	30.0
190-194	26.826193364721235	30.0	30.0	30.0	3.0	30.0
195-199	26.682595543240417	30.0	30.0	30.0	3.0	30.0
200-204	26.536458295029593	30.0	30.0	30.0	3.0	30.0
205-209	26.39185580824584	30.0	30.0	30.0	3.0	30.0
210-214	26.249043048426323	30.0	30.0	30.0	3.0	30.0
215-219	26.111018741617045	30.0	30.0	30.0	3.0	30.0
220-224	25.977227688963808	30.0	30.0	30.0	3.0	30.0
225-229	25.84997272018622	30.0	30.0	30.0	3.0	30.0
230-234	25.730126921979924	30.0	30.0	30.0	3.0	30.0
235-239	25.611988246344747	30.0	30.0	30.0	3.0	30.0
240-244	25.49229296704167	30.0	30.0	30.0	3.0	30.0
245-249	25.382462066053908	30.0	30.0	30.0	3.0	30.0
250-251	25.356541144106423	30.0	30.0	30.0	3.0	30.0
>>END_MODULE
>>Per sequence quality scores	pass
#Quality	Count
3	33434.0
4	0.0
5	0.0
6	0.0
7	0.0
8	0.0
9	0.0
10	0.0
11	0.0
12	0.0
13	0.0
14	0.0
15	0.0
16	0.0
17	0.0
18	0.0
19	0.0
20	0.0
21	0.0
22	0.0
23	0.0
24	0.0
25	0.0
26	0.0
27	0.0
28	0.0
29	0.0
30	1015188.0
>>END_MODULE
>>Per base sequence content	fail
#Base	G	A	T	C
1	32.50271642093162	30.615161925422075	15.319277327003611	21.562844326642693
2	11.97812732137026	26.03190577217965	44.6644527915641	17.325514114885987
3	12.50718490949401	33.46687876073917	36.98963272461316	17.03630360515366
4	9.508619026977067	21.49314354351143	49.04595859582521	19.952278833686293
5	8.517817620739898	41.33829322833022	41.25770766536749	8.88618148556239
6	19.812399864799577	49.01559578892693	22.190246855348914	8.981757490924576
7	18.268002375555458	38.579287982630184	30.940464073542916	12.21224556827144
8	17.649384055134274	42.16515457342166	26.713254797418973	13.472206574025098
9	20.369242285650994	19.771534200169192	29.84883523307751	30.0103882811023
10-14	18.011197955952923	28.81833302461297	35.197959772145275	17.97250924728883
15-19	16.61217911382615	35.415999098663846	31.689661559731665	16.282160227778338
20-24	16.63001487586577	33.30996606622148	33.389959649930205	16.670059407982553
25-29	16.85290461304608	33.33412263900532	33.00685359207283	16.806119155875777
30-34	16.795323018282403	33.09115105262464	33.1609000079664	16.95262592112656
35-39	16.780331539514535	33.258818200364445	33.147112735498744	16.813737524622265
40-44	16.90939676931286	33.1023100315684	33.05029713439739	16.937996064721357
45-49	16.94357597454256	32.9079753381066	33.221996817820205	16.926451869530627
50-54	16.909887304102835	32.98851600764349	33.09604341531177	17.0055532729419
55-59	16.863307254052234	32.86234586126482	33.1791989636739	17.09514792100905
60-64	16.9373305443802	32.9289654156399	33.11397260759979	17.01973143238011
65-69	16.85489152154177	33.0295496193375	33.05061731020887	17.064941548911857
70-74	16.92214966885568	32.94725427136614	32.97173521485984	17.15886084491834
75-79	16.855721778548354	33.00157882246965	32.97172164294397	17.170977756038027
80-84	16.837362472338988	33.01657423365121	32.92260326630644	17.223460027703357
85-89	16.885091490178755	32.8846976823829	32.95287301048328	17.277337816955065
90-94	17.032863244634278	32.90369033703271	32.69057259559186	17.372873822741152
95-99	16.959701709931355	32.86395185886914	32.80925133547796	17.367095095721538
100-104	17.122745008061287	32.81614176546177	32.64891850811142	17.412194718365523
105-109	17.09672299447606	32.72688677821441	32.88956371616185	17.286826511147687
110-114	16.885068579686806	32.970961062156924	32.8225323556061	17.321438002550174
115-119	16.886522960323585	32.6884295985933	32.952656120334964	17.472391320748148
120-124	16.98009010987998	32.71360388827358	32.799128395057934	17.507177606788503
125-129	16.84493251698521	32.65538999342771	32.93053105358149	17.569146436005592
130-134	16.941621135690504	32.6770488507904	32.65638628557822	17.72494372794088
135-139	16.91280256127225	32.57861934679866	32.846860697171124	17.66171739475796
140-144	16.948347422223215	32.69390702011973	32.69448927248537	17.663256285171684
145-149	16.93318625727638	32.39547468316965	32.74981611203449	17.92152294751948
150-154	16.992836191950804	32.55421923215317	32.632563160362444	17.82038141553358
155-159	16.839086003277227	32.41643327339906	32.78372082680419	17.96075989651952
160-164	17.03206579565037	32.32242456947203	32.61207828525	18.0334313496276
165-169	16.939291144106853	32.325851560438906	32.577286604343286	18.15757069111095
170-174	17.052013485607752	32.21270790595456	32.419278567613446	18.31600004082424
175-179	17.06177712989122	32.18068294696647	32.18340636390871	18.5741335592336
180-184	17.077670166300425	32.15126496236613	32.19180766181661	18.579257209516832
185-189	17.047384430151137	32.11756598333386	32.00183771109914	18.833211875415863
190-194	17.09429696979771	32.23001612340221	31.731354199564503	18.944332707235585
195-199	17.11843320660364	32.270974605598454	31.645712882811743	18.964879304986162
200-204	17.028769118718134	32.2860524399126	31.595138383102693	19.09004005826657
205-209	16.989446486753486	32.396055968766916	31.22472048863431	19.38977705584528
210-214	17.211959630507113	32.63692197461369	30.739975417282718	19.411142977596477
215-219	17.20144955977893	32.70951985130402	30.33965195358696	19.749378635330093
220-224	17.362519987276233	32.94307389680342	29.942668566012003	19.75173754990835
225-229	17.693530712590064	33.097260012253855	28.732429007811284	20.4767802673448
230-234	18.20641669887901	33.6050472786786	27.646215784274496	20.542320238167896
235-239	18.33623166841807	33.6446718681707	27.31347586322338	20.70562060018785
240-244	18.391318591710288	33.77197911908958	26.93187877976283	20.9048235094373
245-249	18.61824797777395	33.84886779927716	26.357411550660142	21.17547267228874
250-251	22.361678452731294	43.230699404108286	23.334211797777485	11.073410345382937
>>END_MODULE
>>Per sequence GC content	warn
#GC Content	Count
0	1288.0
1	1288.0
2	644.0
3	0.3333333333333333
4	1.3333333333333333
5	2.0
6	3.666666666666667
7	5.833333333333332
8	13.0
9	27.833333333333332
10	40.16666666666667
11	68.66666666666667
12	111.99999999999994
13	185.33333333333343
14	309.66666666666663
15	485.83333333333206
16	680.6666666666677
17	1033.5000000000068
18	1635.8333333333203
19	2464.5000000000036
20	3665.3333333334144
21	5272.166666666608
22	7384.499999999652
23	10539.000000000275
24	15076.333333334553
25	20807.166666666082
26	28213.833333330334
27	37831.166666666104
28	50319.83333333909
29	64933.66666667842
30	78315.99999999956
31	88113.8333333233
32	93834.33333331428
33	95554.99999997605
34	90696.33333331323
35	80899.83333332818
36	70450.00000001547
37	59028.66666668648
38	47162.1666666748
39	36328.49999999714
40	27827.499999996064
41	21165.499999999316
42	15573.666666667996
43	11796.666666667135
44	9626.33333333329
45	8396.833333332934
46	7074.666666666319
47	6000.166666666465
48	5202.666666666598
49	4482.000000000103
50	3858.3333333335086
51	3387.833333333442
52	2975.3333333333912
53	2591.6666666666924
54	2355.499999999998
55	2029.9999999999607
56	1618.6666666666476
57	1326.666666666662
58	1183.166666666668
59	1040.666666666674
60	861.6666666666719
61	725.666666666669
62	588.3333333333334
63	469.9999999999976
64	389.66666666666566
65	326.1666666666664
66	254.00000000000065
67	212.66666666666717
68	174.33333333333346
69	144.16666666666674
70	118.16666666666647
71	76.16666666666669
72	51.16666666666669
73	34.5
74	24.666666666666654
75	15.33333333333334
76	10.000000000000002
77	10.0
78	6.666666666666665
79	4.0
80	3.5
81	1.9999999999999998
82	2.3333333333333335
83	1.6666666666666665
84	1.5
85	1.0
86	0.3333333333333333
87	1.0
88	0.3333333333333333
89	0.3333333333333333
90	0.3333333333333333
91	0.6666666666666666
92	0.3333333333333333
93	0.0
94	0.3333333333333333
95	0.0
96	0.0
97	0.6666666666666666
98	0.6666666666666666
99	0.0
100	0.0
>>END_MODULE
>>Per base N content	pass
#Base	N-Count
1	0.12282786361529703
2	0.12282786361529703
3	0.12282786361529703
4	0.12282786361529703
5	0.12282786361529703
6	0.12282786361529703
7	0.12282786361529703
8	0.12282786361529703
9	0.12282786361529703
10-14	0.12282786361529703
15-19	0.12282786361529703
20-24	0.12282786361529703
25-29	0.12282786361529703
30-34	0.07376367104838909
35-39	0.0
40-44	0.0
45-49	0.0
50-54	0.0
55-59	0.0
60-64	0.0
65-69	0.0
70-74	0.0
75-79	0.0
80-84	0.0
85-89	0.0
90-94	0.0
95-99	0.0
100-104	0.0
105-109	0.0
110-114	0.0
115-119	0.0
120-124	0.0
125-129	0.0
130-134	0.0
135-139	0.0
140-144	0.0
145-149	0.0
150-154	0.0
155-159	0.0
160-164	0.0
165-169	0.0
170-174	0.0
175-179	0.0
180-184	0.0
185-189	0.0
190-194	0.0
195-199	0.0
200-204	0.0
205-209	0.0
210-214	0.0
215-219	0.0
220-224	0.0
225-229	0.0
230-234	0.0
235-239	0.0
240-244	0.0
245-249	0.0
250-251	0.0
>>END_MODULE
>>Sequence Length Distribution	warn
#Length	Count
30-34	3667.0
35-39	12110.0
40-44	18330.0
45-49	23102.0
50-54	25590.0
55-59	28966.0
60-64	30611.0
65-69	32995.0
70-74	33880.0
75-79	33942.0
80-84	35774.0
85-89	35231.0
90-94	35666.0
95-99	34228.0
100-104	35141.0
105-109	32681.0
110-114	33076.0
115-119	30609.0
120-124	30081.0
125-129	28208.0
130-134	27641.0
135-139	25073.0
140-144	24236.0
145-149	22504.0
150-154	21111.0
155-159	19323.0
160-164	17834.0
165-169	16772.0
170-174	15465.0
175-179	14187.0
180-184	13124.0
185-189	12317.0
190-194	11251.0
195-199	10337.0
200-204	9529.0
205-209	8697.0
210-214	7830.0
215-219	7011.0
220-224	6170.0
225-229	5440.0
230-234	4828.0
235-239	4991.0
240-244	4315.0
245-249	11175.0
250-252	153573.0
>>END_MODULE
>>Sequence Duplication Levels	fail
#Total Deduplicated Percentage	43.583075055387525
#Duplication Level	Percentage of total
1	30.866530170422745
2	9.653981746220383
3	7.048556981031872
4	5.464898590830707
5	4.458037775291021
6	3.8531315175734626
7	3.273013013780873
8	2.7875815210238835
9	2.4293153779743633
>10	25.9075766901115
>50	3.2378297846997883
>100	0.8964403982673804
>500	0.0
>1k	0.12310643277197847
>5k	0.0
>10k+	0.0
>>END_MODULE
>>Overrepresented sequences	warn
#Sequence	Count	Percentage	Possible Source
NNNNNNNNNNNNNNNNNNNNNNNNNNNNNNNN	1288	0.12282786361529703	No Hit
>>END_MODULE
>>Adapter Content	pass
#Position	Illumina Universal Adapter	Illumina Small RNA 3' Adapter	Illumina Small RNA 5' Adapter	Nextera Transposase Sequence	PolyA	PolyG
1	0.0	0.0	0.0	0.0	0.0	0.0
2	0.0	0.0	0.0	0.0	0.0	0.0
3	0.0	0.0	0.0	0.0	0.0	0.0
4	0.0	0.0	0.0	0.0	9.536324814852254E-5	0.0
5	0.0	0.0	0.0	0.0	9.536324814852254E-5	0.0
6	0.0	0.0	0.0	0.0	9.536324814852254E-5	0.0
7	0.0	0.0	0.0	0.0	1.9072649629704508E-4	0.0
8	0.0	0.0	0.0	0.0	1.9072649629704508E-4	0.0
9	0.0	0.0	0.0	0.0	2.860897444455676E-4	0.0
10-14	0.0	0.0	0.0	7.629059851881803E-5	8.010512844475893E-4	3.8145299259409017E-5
15-19	0.0	0.0	0.0	9.536324814852254E-5	0.002746461546677449	9.536324814852254E-5
20-24	0.0	0.0	0.0	9.536324814852254E-5	0.004577435911129081	1.5258119703763607E-4
25-29	0.0	0.0	0.0	9.536324814852254E-5	0.005702722239281649	2.670170948158631E-4
30-34	0.0	0.0	0.0	2.479444451861586E-4	0.007171316260768895	3.623803429643857E-4
35-39	0.0	0.0	0.0	0.0012969401748199063	0.00934559831855521	4.768162407426127E-4
40-44	0.0	0.0	0.0	0.0038908205244597197	0.010852337639301865	6.103247881505443E-4
45-49	0.0	0.0	0.0	0.007934222245957075	0.01243536755856734	8.201239340772939E-4
50-54	0.0	0.0	0.0	0.013064764996347589	0.013903961580054585	9.536324814852254E-4
55-59	0.0	0.0	0.0	0.017871072703033127	0.015601427397098286	9.536324814852254E-4
60-64	0.0	0.0	0.0	0.02141858553415816	0.016860222272658786	9.536324814852254E-4
65-69	0.0	0.0	0.0	0.02603416674454665	0.01758498295858756	9.727051311149298E-4
70-74	0.0	0.0	0.0	0.03223277787420062	0.01853861544007278	0.001048995729633748
75-79	0.0	0.0	0.0	0.0376494103690367	0.019797410315633278	0.001048995729633748
80-84	0.0	0.0	0.0	0.04407689329424712	0.020541243651191754	0.001125286328152566
85-89	0.0	0.0	0.0	0.050428085620938715	0.021513948782306686	0.0011443589777822703
90-94	0.0	0.0	0.0	0.056569478801703564	0.022753671008237476	0.0011443589777822703
95-99	0.0	0.0	0.0	0.06250107283654167	0.02414597443120591	0.0011443589777822703
100-104	0.0	0.0	0.0	0.06978682499508879	0.025595495803063452	0.0011634316274119747
105-109	0.0	0.0	0.0	0.07672926946030124	0.027140380423069516	0.001277867525190202
110-114	0.0	0.0	0.0	0.08435832931218304	0.02946724367789346	0.0013350854740793155
115-119	0.0	0.0	0.0	0.09381836352851648	0.03276681206383235	0.0013350854740793155
120-124	0.0	0.0	0.0	0.10785583365597899	0.03614267104829004	0.0013350854740793155
125-129	0.0	0.0	0.0	0.12019583796639781	0.03822158985792783	0.0013350854740793155
130-134	0.0	0.0	0.0	0.13451939783830588	0.04035772661645474	0.0013350854740793155
135-139	0.0	0.0	0.0	0.1505976414761468	0.04253200867424105	0.0014113760725981337
140-144	0.0	0.0	0.0	0.16650423126732034	0.045717141162401706	0.0015258119703763606
145-149	0.0	0.0	0.0	0.18244896635775332	0.04886412835130295	0.001544884620006065
150-154	0.0	0.0	0.0	0.19761172281336842	0.052697730926873555	0.0016211752185248834
155-159	0.0	0.0	0.0	0.21533021431936392	0.055940081363923325	0.0016211752185248834
160-164	0.0	0.0	0.0	0.23327757762091586	0.05984997453801274	0.0016211752185248834
165-169	0.0	0.0	0.0	0.2510342144261707	0.06349285061728631	0.0016211752185248834
170-174	0.0	0.0	0.0	0.26751298370623544	0.06692592755063312	0.0016211752185248834
175-179	0.0	0.0	0.0	0.2851933299129715	0.07005384208990466	0.0016593205177842922
180-184	0.0	0.0	0.0	0.3060969539071276	0.07331526517658413	0.0017165384666734055
185-189	0.0	0.0	0.0	0.3255701291790559	0.07793084638697262	0.0017165384666734055
190-194	0.0	0.0	0.0	0.34643560787395267	0.08248920964847199	0.001811901714821928
195-199	0.0	0.0	0.0	0.3687506079407069	0.08575063273515146	0.001811901714821928
200-204	0.0	1.9072649629704508E-5	0.0	0.391466133649685	0.08990847035442705	0.001811901714821928
205-209	0.0	9.536324814852254E-5	0.0	0.4140481508112551	0.09484828660852053	0.001830974364451633
210-214	0.0	9.536324814852254E-5	0.0	0.43952921071654033	0.0994447951692793	0.0019072649629704509
215-219	0.0	9.536324814852254E-5	0.0	0.4718001338900004	0.104499047321151	0.0019072649629704509
220-224	0.0	9.536324814852254E-5	0.0	0.4992647493567749	0.10959144477228211	0.0020407735103783824
225-229	0.0	9.536324814852254E-5	0.0	0.5211220058324162	0.11607614564638165	0.0022696453059348363
230-234	0.0	9.536324814852254E-5	0.0	0.5414915956369407	0.12462069268048925	0.002632025648899222
235-239	0.0	9.536324814852254E-5	0.0	0.5573600401288548	0.13234511578051958	0.00308976924001213
240	0.0	9.536324814852254E-5	0.0	0.558637907654045	0.13684626109312983	0.0031469871889012436
>>END_MODULE
