#-- forward hits sorted by %sim
0 0 0
0 0 0


189482 189082 80.7980049875312
189820 189468 80.7980049875312


189082 189758 82.4414715719064
189679 190251 82.4414715719064


189758 189082 82.4414715719064
190251 189679 82.4414715719064


189759 189345 85.0287907869482
190251 189817 85.0287907869482


189082 189482 85.3448275862069
189817 190251 85.3448275862069


189080 189266 85.4202401372213
189606 189820 85.4202401372213


189266 189080 85.4202401372213
189820 189606 85.4202401372213


189082 189620 85.5978260869565
189817 190251 85.5978260869565


189082 189344 85.8947368421053
189941 190251 85.8947368421053


189080 189404 86.7749419953596
189468 189820 86.7749419953596


189404 189080 86.7749419953596
189820 189468 86.7749419953596


255031 255796 87.5451263537906
255528 256348 87.5451263537906


255796 255031 87.5451263537906
256348 255528 87.5451263537906


189082 189482 88.4711779448622
189817 190251 88.4711779448622


189080 189542 88.7728459530026
189817 190251 88.7728459530026


189080 189204 88.8475836431227
190065 190251 88.8475836431227


189204 189080 88.8475836431227
190251 190065 88.8475836431227


189080 189404 88.9380530973451
189941 190251 88.9380530973451


189080 189680 89.3617021276596
189206 189820 89.3617021276596


189680 189080 89.3617021276596
189820 189206 89.3617021276596


189542 189080 90.0709219858156
189682 189206 90.0709219858156


308203 309067 90.2040816326531
308692 309508 90.2040816326531


309067 308203 90.2040816326531
309508 308692 90.2040816326531


189682 189344 90.5228758169935
190251 189941 90.5228758169935


189820 189344 90.9282700421941
190251 189817 90.9282700421941


320623 321039 91.1392405063291
321288 321742 91.1392405063291


321039 320623 91.1392405063291
321742 321288 91.1392405063291


189080 189142 91.8149466192171
190127 190251 91.8149466192171


189142 189080 91.8149466192171
190251 190127 91.8149466192171


79923 87088 92.3976608187134
80264 87405 92.3976608187134


87088 79923 92.3976608187134
87405 80264 92.3976608187134


79923 86771 92.6900584795322
80264 87088 92.6900584795322


79923 87405 92.6900584795322
80264 87722 92.6900584795322


86771 79923 92.6900584795322
87088 80264 92.6900584795322


87405 79923 92.6900584795322
87722 80264 92.6900584795322


72112 87088 92.7672955974843
72407 87405 92.7672955974843


87088 72112 92.7672955974843
87405 72407 92.7672955974843


340479 340557 92.8813559322034
341047 341125 92.8813559322034


340557 340479 92.8813559322034
341125 341047 92.8813559322034


188181 188181 92.9957406530999
190189 190251 92.9957406530999


188181 188181 92.9957406530999
190251 190189 92.9957406530999


72112 86771 93.0817610062893
72407 87088 93.0817610062893


72112 87405 93.0817610062893
72407 87722 93.0817610062893


86771 72112 93.0817610062893
87088 72407 93.0817610062893


87405 72112 93.0817610062893
87722 72407 93.0817610062893


141373 143540 93.1222707423581
142288 144392 93.1222707423581


143540 140321 93.1222707423581
144392 141236 93.1222707423581


143540 141373 93.1222707423581
144392 142288 93.1222707423581


320623 321500 93.2584269662921
320889 321759 93.2584269662921


321500 320623 93.2584269662921
321759 320889 93.2584269662921


254776 269105 93.3150183150183
255796 270196 93.3150183150183


269105 254776 93.3150183150183
270196 255796 93.3150183150183


320623 361753 93.4810951760104
321344 362519 93.4810951760104


361753 320623 93.4810951760104
362519 321344 93.4810951760104


308203 313191 93.5047361299053
308941 313881 93.5047361299053


313191 308203 93.5047361299053
313881 308941 93.5047361299053


356965 357520 93.5526315789474
357681 358279 93.5526315789474


76838 98132 93.5988620199146
78243 99454 93.5988620199146


98132 76838 93.5988620199146
99454 78243 93.5988620199146


319817 320623 93.6724565756824
320622 321383 93.6724565756824


320623 319817 93.6724565756824
321383 320622 93.6724565756824


76838 99454 93.7411095305832
78243 100776 93.7411095305832


99454 76838 93.7411095305832
100776 78243 93.7411095305832


255031 265256 93.7576499388005
255796 266072 93.7576499388005


265256 255031 93.7576499388005
266072 255796 93.7576499388005


76838 100776 93.8122332859175
78243 102098 93.8122332859175


100776 76838 93.8122332859175
102098 78243 93.8122332859175


254776 272203 93.8461538461538
255753 273242 93.8461538461538


272203 254776 93.8461538461538
273242 255753 93.8461538461538


189080 189818 93.9393939393939
189541 190251 93.9393939393939


189080 189818 93.9393939393939
189541 190251 93.9393939393939


189818 189080 93.9393939393939
190251 189541 93.9393939393939


189818 189080 93.9393939393939
190251 189541 93.9393939393939


139130 142286 94.147465437788
141236 144392 94.147465437788


320623 361292 94.7098976109215
321742 362463 94.7098976109215


361292 320623 94.7098976109215
362463 321742 94.7098976109215


255031 257912 94.7445255474453
256348 259276 94.7445255474453


257912 255031 94.7445255474453
259276 256348 94.7445255474453


304969 307615 94.8387096774194
305850 308544 94.8387096774194


307615 304969 94.8387096774194
308544 305850 94.8387096774194


254776 268079 94.8694029850746
255796 269150 94.8694029850746


268079 254776 94.8694029850746
269150 255796 94.8694029850746


255031 257096 94.8905109489051
256348 258460 94.8905109489051


255031 258728 94.8905109489051
256348 260092 94.8905109489051


255031 261176 94.8905109489051
256348 262540 94.8905109489051


255031 259544 94.8905109489051
256348 260908 94.8905109489051


255031 264440 94.8905109489051
256348 265804 94.8905109489051


255031 263624 94.8905109489051
256348 264988 94.8905109489051


257096 255031 94.8905109489051
258460 256348 94.8905109489051


258728 255031 94.8905109489051
260092 256348 94.8905109489051


259544 255031 94.8905109489051
260908 256348 94.8905109489051


261176 255031 94.8905109489051
262540 256348 94.8905109489051


263624 255031 94.8905109489051
264988 256348 94.8905109489051


264440 255031 94.8905109489051
265804 256348 94.8905109489051


340479 340713 94.9152542372881
340870 341125 94.9152542372881


340713 340479 94.9152542372881
341125 340870 94.9152542372881


255031 261992 94.963503649635
256348 263356 94.963503649635


255031 260360 94.963503649635
256348 261724 94.963503649635


255031 262808 94.963503649635
256348 264172 94.963503649635


260360 255031 94.963503649635
261724 256348 94.963503649635


261992 255031 94.963503649635
263356 256348 94.963503649635


262808 255031 94.963503649635
264172 256348 94.963503649635


256719 269799 94.9748743718593
257096 270196 94.9748743718593


269799 256719 94.9748743718593
270196 257096 94.9748743718593


356965 358488 94.9948927477017
357941 359423 94.9948927477017


358488 356965 94.9948927477017
359423 357941 94.9948927477017


155665 168511 94.9956859361519
156769 169669 94.9956859361519


168511 155665 94.9956859361519
169669 156769 94.9956859361519


357520 356965 95.0179763739086
359423 358866 95.0179763739086


254776 271177 95.0559701492537
255796 272248 95.0559701492537


254776 266027 95.0559701492537
255796 267098 95.0559701492537


266027 254776 95.0559701492537
267098 255796 95.0559701492537


271177 254776 95.0559701492537
272248 255796 95.0559701492537


148048 155665 95.0819672131148
149206 156769 95.0819672131148


155665 172651 95.0819672131148
156769 173809 95.0819672131148


155665 148048 95.0819672131148
156769 149206 95.0819672131148


172651 155665 95.0819672131148
173809 156769 95.0819672131148


254776 270151 95.1492537313433
255796 271222 95.1492537313433


254776 267053 95.1492537313433
255796 268124 95.1492537313433


267053 254776 95.1492537313433
268124 255796 95.1492537313433


270151 254776 95.1492537313433
271222 255796 95.1492537313433


155665 160910 95.1682484900777
156769 162068 95.1682484900777


160910 155665 95.1682484900777
162068 156769 95.1682484900777


189344 189082 95.2991452991453
190251 190003 95.2991452991453


189082 189344 95.2991452991453
190003 190251 95.2991452991453


356965 357335 95.4502814258912
359051 359423 95.4502814258912


357335 356965 95.4502814258912
359423 359051 95.4502814258912


189080 189942 95.679012345679
189403 190251 95.679012345679


189942 189080 95.679012345679
190251 189403 95.679012345679


356965 358303 95.7044673539519
358126 359423 95.7044673539519


358303 356965 95.7044673539519
359423 358126 95.7044673539519


304153 308203 95.8549222797927
305262 309360 95.8549222797927


308203 304153 95.8549222797927
309360 305262 95.8549222797927


356965 357150 95.8567112645663
359236 359423 95.8567112645663


357150 356965 95.8567112645663
359423 359236 95.8567112645663


123702 125611 95.9641255605381
123921 125832 95.9641255605381


125611 123702 95.9641255605381
125832 123921 95.9641255605381


304969 307321 95.9967320261438
306144 308544 95.9967320261438


307321 304969 95.9967320261438
308544 306144 95.9967320261438


308203 311559 96.0662525879917
310617 313881 96.0662525879917


311559 308203 96.0662525879917
313881 310617 96.0662525879917


73243 92652 96.0732984293194
73613 93033 96.0732984293194


92652 73243 96.0732984293194
93033 73613 96.0732984293194


308203 312375 96.1715160796325
309508 313632 96.1715160796325


312375 308203 96.1715160796325
313632 309508 96.1715160796325


302521 308203 96.2480857580398
303778 309508 96.2480857580398


308203 310743 96.2480857580398
309508 312000 96.2480857580398


308203 302521 96.2480857580398
309508 303778 96.2480857580398


310743 308203 96.2480857580398
312000 309508 96.2480857580398


79923 87722 96.2815405046481
80675 88450 96.2815405046481


87722 79923 96.2815405046481
88450 80675 96.2815405046481


356965 358118 96.2935507783543
358311 359423 96.2935507783543


358118 356965 96.2935507783543
359423 358311 96.2935507783543


75351 84548 96.3091619626574
77651 86771 96.3091619626574


84548 75351 96.3091619626574
86771 77651 96.3091619626574


303337 308203 96.3246554364472
304594 309508 96.3246554364472


308203 303337 96.3246554364472
309508 304594 96.3246554364472


255796 269360 96.3898916967509
256348 269908 96.3898916967509


255796 268334 96.3898916967509
256348 268882 96.3898916967509


255796 267308 96.3898916967509
256348 267856 96.3898916967509


255796 266282 96.3898916967509
256348 266830 96.3898916967509


266282 255796 96.3898916967509
266830 256348 96.3898916967509


267308 255796 96.3898916967509
267856 256348 96.3898916967509


268334 255796 96.3898916967509
268882 256348 96.3898916967509


269360 255796 96.3898916967509
269908 256348 96.3898916967509


123004 125611 96.4125560538117
123223 125832 96.4125560538117


123353 125611 96.4125560538117
123572 125832 96.4125560538117


124051 125611 96.4125560538117
124270 125832 96.4125560538117


125611 123004 96.4125560538117
125832 123223 96.4125560538117


125611 124051 96.4125560538117
125832 124270 96.4125560538117


125611 123353 96.4125560538117
125832 123572 96.4125560538117


142286 139130 96.4305326743548
144043 140950 96.4305326743548


139130 141234 96.4854475562878
140887 143054 96.4854475562878


141234 139130 96.4854475562878
142991 140950 96.4854475562878


255796 271432 96.5703971119134
256348 271980 96.5703971119134


255796 272469 96.5703971119134
256348 273017 96.5703971119134


255796 270406 96.5703971119134
256348 270954 96.5703971119134


270406 255796 96.5703971119134
270954 256348 96.5703971119134


271432 255796 96.5703971119134
271980 256348 96.5703971119134


272469 255796 96.5703971119134
273017 256348 96.5703971119134


71004 76147 96.577610951645
75396 80675 96.577610951645


76147 71004 96.577610951645
80675 75396 96.577610951645


71004 73560 96.5958038071419
78062 80675 96.5958038071419


73560 71004 96.5958038071419
80675 78062 96.5958038071419


356965 357933 96.6753585397653
358496 359423 96.6753585397653


357933 356965 96.6753585397653
359423 358496 96.6753585397653


75397 81783 96.7139656460045
78072 84379 96.7139656460045


81783 75397 96.7139656460045
84379 78072 96.7139656460045


117280 119338 96.875
117375 119433 96.875


119338 122333 96.875
119433 122428 96.875


119338 117280 96.875
119433 117375 96.875


121396 119338 96.875
121491 119433 96.875


122333 119338 96.875
122428 119433 96.875


76838 102098 96.8994267847837
80675 105828 96.8994267847837


102098 76838 96.8994267847837
105828 80675 96.8994267847837


76852 94235 96.9665271966527
80675 97951 96.9665271966527


94235 76852 96.9665271966527
97951 80675 96.9665271966527


357748 356965 96.9749854566608
359423 358681 96.9749854566608


71004 78815 96.9908651262762
72818 80675 96.9908651262762


78815 71004 96.9908651262762
80675 72818 96.9908651262762


74668 87722 97.0247933884298
77690 90667 97.0247933884298


87722 74668 97.0247933884298
90667 77690 97.0247933884298


319558 321241 97.0530451866405
320066 321742 97.0530451866405


321241 319558 97.0530451866405
321742 320066 97.0530451866405


321300 361092 97.1111111111111
321742 361541 97.1111111111111


361092 321300 97.1111111111111
361541 321742 97.1111111111111


257912 269360 97.1326164874552
258728 270196 97.1326164874552


269360 257912 97.1326164874552
270196 258728 97.1326164874552


79509 98135 97.172236503856
80675 99273 97.172236503856


98135 79509 97.172236503856
99273 80675 97.172236503856


64505 65627 97.2012102874433
67117 68240 97.2012102874433


65627 64505 97.2012102874433
68240 67117 97.2012102874433


258728 269360 97.2520908004779
259544 270196 97.2520908004779


259544 269360 97.2520908004779
260360 270196 97.2520908004779


261176 269360 97.2520908004779
261992 270196 97.2520908004779


264440 269360 97.2520908004779
265256 270196 97.2520908004779


269360 261176 97.2520908004779
270196 261992 97.2520908004779


269360 259544 97.2520908004779
270196 260360 97.2520908004779


269360 264440 97.2520908004779
270196 265256 97.2520908004779


269360 258728 97.2520908004779
270196 259544 97.2520908004779


79509 99457 97.2579263067695
80675 100595 97.2579263067695


79509 100779 97.2579263067695
80675 101917 97.2579263067695


99457 79509 97.2579263067695
100595 80675 97.2579263067695


100779 79509 97.2579263067695
101917 80675 97.2579263067695


71695 98132 97.2871137905049
72999 99454 97.2871137905049


98132 71695 97.2871137905049
99454 72999 97.2871137905049


79509 102101 97.343616109683
80675 103239 97.343616109683


102101 79509 97.343616109683
103239 80675 97.343616109683


257096 269360 97.3715651135006
257912 270196 97.3715651135006


260360 269360 97.3715651135006
261176 270196 97.3715651135006


261992 269360 97.3715651135006
262808 270196 97.3715651135006


262808 269360 97.3715651135006
263624 270196 97.3715651135006


263624 269360 97.3715651135006
264440 270196 97.3715651135006


269360 261992 97.3715651135006
270196 262808 97.3715651135006


269360 260360 97.3715651135006
270196 261176 97.3715651135006


269360 262808 97.3715651135006
270196 263624 97.3715651135006


269360 257096 97.3715651135006
270196 257912 97.3715651135006


269360 263624 97.3715651135006
270196 264440 97.3715651135006


64505 66720 97.3718791064389
65995 68240 97.3718791064389


66720 64505 97.3718791064389
68240 65995 97.3718791064389


301705 308203 97.4246575342466
305262 311852 97.4246575342466


308203 301705 97.4246575342466
311852 305262 97.4246575342466


71695 99454 97.4378296910324
72999 100776 97.4378296910324


99454 71695 97.4378296910324
100776 72999 97.4378296910324


64505 65253 97.4817760106031
67491 68240 97.4817760106031


65253 64505 97.4817760106031
68240 67491 97.4817760106031


71695 100776 97.5131876412962
72999 102098 97.5131876412962


100776 71695 97.5131876412962
102098 72999 97.5131876412962


152188 153347 97.5841242450388
156769 157928 97.5841242450388


153347 152188 97.5841242450388
157928 156769 97.5841242450388


74265 94235 97.6136649083145
78243 98132 97.6136649083145


94235 74265 97.6136649083145
98132 78243 97.6136649083145


308203 309927 97.6278724981468
312249 313881 97.6278724981468


309927 308203 97.6278724981468
313881 312249 97.6278724981468


79520 94235 97.7508650519031
80675 95366 97.7508650519031


94235 79520 97.7508650519031
95366 80675 97.7508650519031


119338 121396 97.7777777777778
119427 121485 97.7777777777778


64505 66346 97.7848101265823
66369 68240 97.7848101265823


66346 64505 97.7848101265823
68240 66369 97.7848101265823


64505 64879 97.7889150943396
67865 68240 97.7889150943396


64879 64505 97.7889150943396
68240 67865 97.7889150943396


118888 125611 97.8082191780822
119249 125974 97.8082191780822


125611 118888 97.8082191780822
125974 119249 97.8082191780822


300889 308203 97.8504254366323
305262 312668 97.8504254366323


308203 300889 97.8504254366323
312668 305262 97.8504254366323


125611 126550 97.8520286396181
126028 126965 97.8520286396181


126550 125611 97.8520286396181
126965 126028 97.8520286396181


82207 92235 97.8571428571428
82344 92374 97.8571428571428


82207 92374 97.8571428571428
82344 92513 97.8571428571428


92235 82207 97.8571428571428
92374 82344 97.8571428571428


92374 82207 97.8571428571428
92513 82344 97.8571428571428


74251 102098 97.8979636522882
78815 106581 97.8979636522882


102098 74251 97.8979636522882
106581 78815 97.8979636522882


116343 119338 97.9166666666667
116438 119433 97.9166666666667


117280 119246 97.9166666666667
117375 119341 97.9166666666667


117280 119430 97.9166666666667
117375 119525 97.9166666666667


118217 119338 97.9166666666667
118312 119433 97.9166666666667


119246 122333 97.9166666666667
119341 122428 97.9166666666667


119246 121396 97.9166666666667
119341 121491 97.9166666666667


119246 117280 97.9166666666667
119341 117375 97.9166666666667


119338 116343 97.9166666666667
119433 116438 97.9166666666667


119338 124666 97.9166666666667
119433 124761 97.9166666666667


119338 125879 97.9166666666667
119433 125974 97.9166666666667


119338 120459 97.9166666666667
119433 120554 97.9166666666667


119338 118217 97.9166666666667
119433 118312 97.9166666666667


119338 126816 97.9166666666667
119433 126911 97.9166666666667


119430 122333 97.9166666666667
119525 122428 97.9166666666667


119430 117280 97.9166666666667
119525 117375 97.9166666666667


120459 119338 97.9166666666667
120554 119433 97.9166666666667


121396 119430 97.9166666666667
121491 119525 97.9166666666667


121396 119246 97.9166666666667
121491 119341 97.9166666666667


122333 119430 97.9166666666667
122428 119525 97.9166666666667


122333 119246 97.9166666666667
122428 119341 97.9166666666667


124666 119338 97.9166666666667
124761 119433 97.9166666666667


125879 119338 97.9166666666667
125974 119433 97.9166666666667


126816 119338 97.9166666666667
126911 119433 97.9166666666667


319659 320881 97.9286536248562
320527 321742 97.9286536248562


320881 319659 97.9286536248562
321742 320527 97.9286536248562


64505 67842 98
64902 68240 98


67842 64505 98
68240 64902 98


320881 361134 98.0437284234753
321742 362002 98.0437284234753


361134 320881 98.0437284234753
362002 321742 98.0437284234753


64505 65972 98.0616740088106
66743 68240 98.0616740088106


65972 64505 98.0616740088106
68240 66743 98.0616740088106


255419 256719 98.0665950590763
256348 257644 98.0665950590763


256719 255419 98.0665950590763
257644 256348 98.0665950590763


71004 89203 98.0887372013652
72446 90667 98.0887372013652


89203 71004 98.0887372013652
90667 72446 98.0887372013652


304969 305851 98.1440237564959
307614 308544 98.1440237564959


305851 304969 98.1440237564959
308544 307614 98.1440237564959


300073 308203 98.163574403635
305262 313484 98.163574403635


308203 300073 98.163574403635
313484 305262 98.163574403635


125365 189771 98.1651376146789
125473 189879 98.1651376146789


189771 125365 98.1651376146789
189879 125473 98.1651376146789


71004 85346 98.1767180925666
72407 86771 98.1767180925666


85346 71004 98.1767180925666
86771 72407 98.1767180925666


383421 388656 98.2142857142857
383644 388879 98.2142857142857


388656 383421 98.2142857142857
388879 383644 98.2142857142857


71004 96119 98.2160555004955
72999 98132 98.2160555004955


96119 71004 98.2160555004955
98132 72999 98.2160555004955


71004 103992 98.2625482625483
73560 106581 98.2625482625483


103992 71004 98.2625482625483
106581 73560 98.2625482625483


71004 82533 98.3216025988089
72828 84379 98.3216025988089


82533 71004 98.3216025988089
84379 72828 98.3216025988089


356965 359228 98.469387755102
357158 359423 98.469387755102


359228 356965 98.469387755102
359423 357158 98.469387755102


72112 87722 98.4725050916497
75024 90667 98.4725050916497


87722 72112 98.4725050916497
90667 75024 98.4725050916497


304969 305263 98.4765386959171
308202 308544 98.4765386959171


305263 304969 98.4765386959171
308544 308202 98.4765386959171


82207 92513 98.5074626865672
82338 92646 98.5074626865672


92513 82207 98.5074626865672
92646 82338 98.5074626865672


42512 42512 98.5170340681363
44971 45006 98.5170340681363


42512 42512 98.5170340681363
45006 44971 98.5170340681363


73243 92374 98.5714285714286
73382 92513 98.5714285714286


73243 92235 98.5714285714286
73382 92374 98.5714285714286


92235 73243 98.5714285714286
92374 73382 98.5714285714286


92374 73243 98.5714285714286
92513 73382 98.5714285714286


71709 94235 98.6417221937468
75577 98132 98.6417221937468


94235 71709 98.6417221937468
98132 75577 98.6417221937468


383645 388656 98.6607142857143
383868 388879 98.6607142857143


383869 388656 98.6607142857143
384092 388879 98.6607142857143


384093 388656 98.6607142857143
384316 388879 98.6607142857143


384317 388656 98.6607142857143
384540 388879 98.6607142857143


384541 388656 98.6607142857143
384764 388879 98.6607142857143


384765 388656 98.6607142857143
384988 388879 98.6607142857143


384989 388656 98.6607142857143
385212 388879 98.6607142857143


385213 388656 98.6607142857143
385436 388879 98.6607142857143


385437 388656 98.6607142857143
385660 388879 98.6607142857143


388656 383869 98.6607142857143
388879 384092 98.6607142857143


388656 384317 98.6607142857143
388879 384540 98.6607142857143


388656 384989 98.6607142857143
388879 385212 98.6607142857143


388656 384765 98.6607142857143
388879 384988 98.6607142857143


388656 385213 98.6607142857143
388879 385436 98.6607142857143


388656 384093 98.6607142857143
388879 384316 98.6607142857143


388656 385437 98.6607142857143
388879 385660 98.6607142857143


388656 383645 98.6607142857143
388879 383868 98.6607142857143


388656 384541 98.6607142857143
388879 384764 98.6607142857143


84548 99228 98.6784140969163
84774 99454 98.6784140969163


99228 84548 98.6784140969163
99454 84774 98.6784140969163


265256 268334 98.7015621829986
270153 273242 98.7015621829986


268334 265256 98.7015621829986
273242 270153 98.7015621829986


71695 102098 98.7299465240642
76147 106581 98.7299465240642


102098 71695 98.7299465240642
106581 76147 98.7299465240642


78017 84548 98.7989323843416
80264 86771 98.7989323843416


84548 78017 98.7989323843416
86771 80264 98.7989323843416


196732 198232 98.8095238095238
197067 198563 98.8095238095238


198232 196732 98.8095238095238
198563 197067 98.8095238095238


78063 81783 98.8136241867585
80675 84369 98.8136241867585


81783 78063 98.8136241867585
84369 80675 98.8136241867585


39825 40629 98.8372093023256
41708 42512 98.8372093023256


40629 39825 98.8372093023256
42512 41708 98.8372093023256


119430 121396 98.8888888888889
119519 121485 98.8888888888889


372147 372204 98.8946819603754
381713 381713 98.8946819603754


372204 372147 98.8946819603754
381713 381713 98.8946819603754


81783 99274 98.8950276243094
81963 99454 98.8950276243094


99274 81783 98.8950276243094
99454 81963 98.8950276243094


265256 267308 98.9084802686818
271179 273242 98.9084802686818


267308 265256 98.9084802686818
273242 271179 98.9084802686818


377865 378072 98.9130434782609
377956 378163 98.9130434782609


378072 377865 98.9130434782609
378163 377956 98.9130434782609


213827 219191 98.9200863930886
214289 219651 98.9200863930886


219191 213827 98.9200863930886
219651 214289 98.9200863930886


119154 119338 98.9285714285714
119433 119617 98.9285714285714


119338 119154 98.9285714285714
119617 119433 98.9285714285714


75821 92652 98.9528795811518
76200 93033 98.9528795811518


82207 92652 98.9528795811518
82586 93033 98.9528795811518


92652 103664 98.9528795811518
93033 104045 98.9528795811518


92652 75821 98.9528795811518
93033 76200 98.9528795811518


92652 82207 98.9528795811518
93033 82586 98.9528795811518


103664 92652 98.9528795811518
104045 93033 98.9528795811518


116343 119246 98.9583333333333
116438 119341 98.9583333333333


116343 119430 98.9583333333333
116438 119525 98.9583333333333


118217 119430 98.9583333333333
118312 119525 98.9583333333333


118217 119246 98.9583333333333
118312 119341 98.9583333333333


119246 125879 98.9583333333333
119341 125974 98.9583333333333


119246 118217 98.9583333333333
119341 118312 98.9583333333333


119246 120459 98.9583333333333
119341 120554 98.9583333333333


119246 126816 98.9583333333333
119341 126911 98.9583333333333


119246 116343 98.9583333333333
119341 116438 98.9583333333333


119246 124666 98.9583333333333
119341 124761 98.9583333333333


119430 124666 98.9583333333333
119525 124761 98.9583333333333


119430 125879 98.9583333333333
119525 125974 98.9583333333333


119430 126816 98.9583333333333
119525 126911 98.9583333333333


119430 120459 98.9583333333333
119525 120554 98.9583333333333


119430 116343 98.9583333333333
119525 116438 98.9583333333333


119430 118217 98.9583333333333
119525 118312 98.9583333333333


120459 119430 98.9583333333333
120554 119525 98.9583333333333


120459 119246 98.9583333333333
120554 119341 98.9583333333333


124666 119246 98.9583333333333
124761 119341 98.9583333333333


124666 119430 98.9583333333333
124761 119525 98.9583333333333


125879 119246 98.9583333333333
125974 119341 98.9583333333333


125879 119430 98.9583333333333
125974 119525 98.9583333333333


126816 119246 98.9583333333333
126911 119341 98.9583333333333


126816 119430 98.9583333333333
126911 119525 98.9583333333333


122067 125611 98.9655172413793
123223 126769 98.9655172413793


125611 122067 98.9655172413793
126769 123223 98.9655172413793


77403 87791 98.9658738366081
80303 90667 98.9658738366081


87791 77403 98.9658738366081
90667 80303 98.9658738366081


64505 67468 98.9664082687339
65276 68240 98.9664082687339


67468 64505 98.9664082687339
68240 65276 98.9664082687339


265256 269360 98.9698686582539
269107 273242 98.9698686582539


269360 265256 98.9698686582539
273242 269107 98.9698686582539


39825 40361 98.9814814814815
41976 42512 98.9814814814815


40361 39825 98.9814814814815
42512 41976 98.9814814814815


265256 266282 99.0402521128778
272205 273242 99.0402521128778


266282 265256 99.0402521128778
273242 272205 99.0402521128778


117014 125611 99.0412979351032
118366 126965 99.0412979351032


125611 117014 99.0412979351032
126965 118366 99.0412979351032


44657 44902 99.0476190476191
44761 45006 99.0476190476191


44902 44657 99.0476190476191
45006 44761 99.0476190476191


87088 99867 99.0566037735849
87405 100184 99.0566037735849


87088 98545 99.0566037735849
87405 98862 99.0566037735849


98545 87088 99.0566037735849
98862 87405 99.0566037735849


99867 87088 99.0566037735849
100184 87405 99.0566037735849


117430 131423 99.0566037735849
117959 131952 99.0566037735849


131423 117430 99.0566037735849
131952 117959 99.0566037735849


39825 41433 99.0740740740741
40896 42512 99.0740740740741


41433 39825 99.0740740740741
42512 40896 99.0740740740741


125365 189957 99.0825688073395
125473 190065 99.0825688073395


125365 189833 99.0825688073395
125473 189941 99.0825688073395


125365 190019 99.0825688073395
125473 190127 99.0825688073395


125365 189095 99.0825688073395
125473 189203 99.0825688073395


125365 189219 99.0825688073395
125473 189327 99.0825688073395


125365 190081 99.0825688073395
125473 190189 99.0825688073395


125365 189895 99.0825688073395
125473 190003 99.0825688073395


125365 189633 99.0825688073395
125473 189741 99.0825688073395


125365 189495 99.0825688073395
125473 189603 99.0825688073395


125365 189157 99.0825688073395
125473 189265 99.0825688073395


125365 189357 99.0825688073395
125473 189465 99.0825688073395


189095 125365 99.0825688073395
189203 125473 99.0825688073395


189157 125365 99.0825688073395
189265 125473 99.0825688073395


189219 125365 99.0825688073395
189327 125473 99.0825688073395


189357 125365 99.0825688073395
189465 125473 99.0825688073395


189495 125365 99.0825688073395
189603 125473 99.0825688073395


189633 125365 99.0825688073395
189741 125473 99.0825688073395


189833 125365 99.0825688073395
189941 125473 99.0825688073395


189895 125365 99.0825688073395
190003 125473 99.0825688073395


189957 125365 99.0825688073395
190065 125473 99.0825688073395


190019 125365 99.0825688073395
190127 125473 99.0825688073395


190081 125365 99.0825688073395
190189 125473 99.0825688073395


39825 40093 99.0939044481054
42244 42512 99.0939044481054


40093 39825 99.0939044481054
42512 42244 99.0939044481054


89894 99454 99.0956072351421
90667 100223 99.0956072351421


89894 98132 99.0956072351421
90667 98901 99.0956072351421


89894 100776 99.0956072351421
90667 101545 99.0956072351421


98132 89894 99.0956072351421
98901 90667 99.0956072351421


99454 89894 99.0956072351421
100223 90667 99.0956072351421


100776 89894 99.0956072351421
101545 90667 99.0956072351421


383197 385661 99.1071428571429
383420 385884 99.1071428571429


383421 393696 99.1071428571429
383644 393919 99.1071428571429


383421 398740 99.1071428571429
383644 398963 99.1071428571429


383421 396218 99.1071428571429
383644 396441 99.1071428571429


385661 383197 99.1071428571429
385884 383420 99.1071428571429


393696 383421 99.1071428571429
393919 383644 99.1071428571429


396218 383421 99.1071428571429
396441 383644 99.1071428571429


398740 383421 99.1071428571429
398963 383644 99.1071428571429


120193 125611 99.1150442477876
121545 126965 99.1150442477876


125611 120193 99.1150442477876
126965 121545 99.1150442477876


194609 196017 99.1477272727273
194960 196368 99.1477272727273


196017 194609 99.1477272727273
196368 194960 99.1477272727273


74251 98132 99.1710625470987
75577 99454 99.1710625470987


98132 74251 99.1710625470987
99454 75577 99.1710625470987


265256 271432 99.1717283268912
267055 273242 99.1717283268912


271432 265256 99.1717283268912
273242 267055 99.1717283268912


278265 279105 99.1735537190083
278385 279225 99.1735537190083


279105 278265 99.1735537190083
279225 278385 99.1735537190083


124400 125611 99.1744066047472
125365 126578 99.1744066047472


125611 124400 99.1744066047472
126578 125365 99.1744066047472


86037 99454 99.1836734693878
86771 100184 99.1836734693878


86037 100776 99.1836734693878
86771 101506 99.1836734693878


86037 98132 99.1836734693878
86771 98862 99.1836734693878


98132 86037 99.1836734693878
98862 86771 99.1836734693878


99454 86037 99.1836734693878
100184 86771 99.1836734693878


100776 86037 99.1836734693878
101506 86771 99.1836734693878


39825 41165 99.1839762611276
41164 42512 99.1839762611276


41165 39825 99.1839762611276
42512 41164 99.1839762611276


72819 81783 99.191996921893
75406 84379 99.191996921893


81783 72819 99.191996921893
84379 75406 99.191996921893


119154 119246 99.1935483870968
119525 119617 99.1935483870968


119246 119154 99.1935483870968
119617 119525 99.1935483870968


356965 359043 99.2125984251969
357343 359423 99.2125984251969


359043 356965 99.2125984251969
359423 357343 99.2125984251969


64505 67094 99.2160278745645
65650 68240 99.2160278745645


67094 64505 99.2160278745645
68240 65650 99.2160278745645


83224 98132 99.2214532871972
84379 99283 99.2214532871972


98132 83224 99.2214532871972
99283 84379 99.2214532871972


89894 102098 99.2248062015504
90667 102867 99.2248062015504


102098 89894 99.2248062015504
102867 90667 99.2248062015504


256235 256279 99.2303655763512
261951 261951 99.2303655763512


256279 256235 99.2303655763512
261951 261951 99.2303655763512


87722 98545 99.2307692307692
88631 99454 99.2307692307692


98545 87722 99.2307692307692
99454 88631 99.2307692307692


196732 198045 99.2351816443595
197254 198563 99.2351816443595


198045 196732 99.2351816443595
198563 197254 99.2351816443595


72773 84548 99.2356115107914
74985 86771 99.2356115107914


84548 72773 99.2356115107914
86771 74985 99.2356115107914


98132 104683 99.2464204973625
99454 106009 99.2464204973625


104683 98132 99.2464204973625
106009 99454 99.2464204973625


73243 92513 99.2537313432836
73376 92646 99.2537313432836


92513 73243 99.2537313432836
92646 73376 99.2537313432836


280265 280667 99.2537313432836
280398 280800 99.2537313432836


280667 280265 99.2537313432836
280800 280398 99.2537313432836


39825 40897 99.2574257425743
41432 42512 99.2574257425743


40897 39825 99.2574257425743
42512 41432 99.2574257425743


257912 268334 99.265605875153
258728 269150 99.265605875153


268334 257912 99.265605875153
269150 258728 99.265605875153


178223 179855 99.2665036674817
178631 180261 99.2665036674817


179855 178223 99.2665036674817
180261 178631 99.2665036674817


93428 104046 99.2711370262391
94113 104731 99.2711370262391


104046 93428 99.2711370262391
104731 94113 99.2711370262391


71058 93428 99.2764109985528
71748 94118 99.2764109985528


73614 93428 99.2764109985528
74304 94118 99.2764109985528


93428 71058 99.2764109985528
94118 71748 99.2764109985528


93428 73614 99.2764109985528
94118 74304 99.2764109985528


91300 98902 99.2766726943942
91852 99454 99.2766726943942


98902 91300 99.2766726943942
99454 91852 99.2766726943942


44657 44727 99.2857142857143
44936 45006 99.2857142857143


44727 44657 99.2857142857143
45006 44936 99.2857142857143


75821 92235 99.2857142857143
75960 92374 99.2857142857143


75821 92374 99.2857142857143
75960 92513 99.2857142857143


78487 92374 99.2857142857143
78626 92513 99.2857142857143


78487 92235 99.2857142857143
78626 92374 99.2857142857143


85018 92374 99.2857142857143
85157 92513 99.2857142857143


85018 92235 99.2857142857143
85157 92374 99.2857142857143


88875 92235 99.2857142857143
89014 92374 99.2857142857143


88875 92374 99.2857142857143
89014 92513 99.2857142857143


92235 78487 99.2857142857143
92374 78626 99.2857142857143


92235 85018 99.2857142857143
92374 85157 99.2857142857143


92235 103664 99.2857142857143
92374 103803 99.2857142857143


92235 95791 99.2857142857143
92374 95930 99.2857142857143


92235 106253 99.2857142857143
92374 106392 99.2857142857143


92235 75821 99.2857142857143
92374 75960 99.2857142857143


92235 88875 99.2857142857143
92374 89014 99.2857142857143


92374 103664 99.2857142857143
92513 103803 99.2857142857143


92374 95791 99.2857142857143
92513 95930 99.2857142857143


92374 75821 99.2857142857143
92513 75960 99.2857142857143


92374 85018 99.2857142857143
92513 85157 99.2857142857143


92374 106253 99.2857142857143
92513 106392 99.2857142857143


92374 78487 99.2857142857143
92513 78626 99.2857142857143


92374 88875 99.2857142857143
92513 89014 99.2857142857143


95791 92235 99.2857142857143
95930 92374 99.2857142857143


95791 92374 99.2857142857143
95930 92513 99.2857142857143


103664 92235 99.2857142857143
103803 92374 99.2857142857143


103664 92374 99.2857142857143
103803 92513 99.2857142857143


103664 92513 99.2857142857143
103803 92652 99.2857142857143


106253 92374 99.2857142857143
106392 92513 99.2857142857143


106253 92235 99.2857142857143
106392 92374 99.2857142857143


194609 195665 99.2897727272727
195312 196368 99.2897727272727


195665 194609 99.2897727272727
196368 195312 99.2897727272727


81783 91672 99.290780141844
82344 92235 99.290780141844


91672 81783 99.290780141844
92235 82344 99.290780141844


83224 99454 99.3079584775086
84379 100605 99.3079584775086


83224 100776 99.3079584775086
84379 101927 99.3079584775086


99454 83224 99.3079584775086
100605 84379 99.3079584775086


100776 83224 99.3079584775086
101927 84379 99.3079584775086


117951 125611 99.3087557603687
119249 126911 99.3087557603687


125611 117951 99.3087557603687
126911 119249 99.3087557603687


94235 98146 99.3145468392993
95547 99454 99.3145468392993


98146 94235 99.3145468392993
99454 95547 99.3145468392993


86037 102098 99.3197278911565
86771 102828 99.3197278911565


102098 86037 99.3197278911565
102828 86771 99.3197278911565


307321 312375 99.3197278911565
307614 312668 99.3197278911565


312375 307321 99.3197278911565
312668 307614 99.3197278911565


74251 99454 99.3217784476262
75577 100776 99.3217784476262


99454 74251 99.3217784476262
100776 75577 99.3217784476262


381713 382974 99.3288590604027
382159 383420 99.3288590604027


382974 381713 99.3288590604027
383420 382159 99.3288590604027


383197 385437 99.3303571428571
383644 385884 99.3303571428571


385437 383197 99.3303571428571
385884 383644 99.3303571428571


385661 388656 99.3311036789298
386856 389847 99.3311036789298


388656 385661 99.3311036789298
389847 386856 99.3311036789298


119522 126816 99.3333333333333
119671 126965 99.3333333333333


126816 119522 99.3333333333333
126965 119671 99.3333333333333


381713 388433 99.3559718969555
383420 390136 99.3559718969555


388433 381713 99.3559718969555
390136 383420 99.3559718969555


72447 91300 99.3589743589744
73382 92235 99.3589743589744


91300 72447 99.3589743589744
92235 73382 99.3589743589744


237294 307457 99.3670886075949
237451 307614 99.3670886075949


307457 237294 99.3670886075949
307614 237451 99.3670886075949


381713 386699 99.3670886075949
381870 386856 99.3670886075949


386699 381713 99.3670886075949
386856 381870 99.3670886075949


198563 198563 99.3678887484197
208024 208024 99.3678887484197


198563 198563 99.3678887484197
208024 208024 99.3678887484197


194609 194785 99.3686868686869
196192 196368 99.3686868686869


194785 194609 99.3686868686869
196368 196192 99.3686868686869


86771 98545 99.3710691823899
87088 98862 99.3710691823899


86771 99867 99.3710691823899
87088 100184 99.3710691823899


87088 102511 99.3710691823899
87405 102828 99.3710691823899


87088 97223 99.3710691823899
87405 97540 99.3710691823899


87088 101189 99.3710691823899
87405 101506 99.3710691823899


87405 98545 99.3710691823899
87722 98862 99.3710691823899


87405 99867 99.3710691823899
87722 100184 99.3710691823899


97223 87088 99.3710691823899
97540 87405 99.3710691823899


98545 87405 99.3710691823899
98862 87722 99.3710691823899


98545 86771 99.3710691823899
98862 87088 99.3710691823899


99867 86771 99.3710691823899
100184 87088 99.3710691823899


99867 87405 99.3710691823899
100184 87722 99.3710691823899


101189 87088 99.3710691823899
101506 87405 99.3710691823899


102511 87088 99.3710691823899
102828 87405 99.3710691823899


15819 17115 99.3846153846154
16143 17439 99.3846153846154


15819 80723 99.3846153846154
16143 81047 99.3846153846154


17115 15819 99.3846153846154
17439 16143 99.3846153846154


80723 15819 99.3846153846154
81047 16143 99.3846153846154


15819 17277 99.3865030674847
15981 17439 99.3865030674847


15819 80885 99.3865030674847
15981 81047 99.3865030674847


17277 15819 99.3865030674847
17439 15981 99.3865030674847


80885 15819 99.3865030674847
81047 15981 99.3865030674847


258728 268334 99.3880048959608
259544 269150 99.3880048959608


259544 268334 99.3880048959608
260360 269150 99.3880048959608


261176 268334 99.3880048959608
261992 269150 99.3880048959608


264440 268334 99.3880048959608
265256 269150 99.3880048959608


268334 261176 99.3880048959608
269150 261992 99.3880048959608


268334 259544 99.3880048959608
269150 260360 99.3880048959608


268334 264440 99.3880048959608
269150 265256 99.3880048959608


268334 258728 99.3880048959608
269150 259544 99.3880048959608


92652 106253 99.3920972644377
92980 106581 99.3920972644377


106253 92652 99.3920972644377
106581 92980 99.3920972644377


196732 196919 99.3935718617344
198376 198563 99.3935718617344


196919 196732 99.3935718617344
198563 198376 99.3935718617344


83224 102098 99.3944636678201
