# Position (bp)	A	C	G	T	N
0.0	33.53002236263698	17.529242108636435	17.109507255665548	31.831228273061036	0.0
1.0	32.02902134803674	17.922040829121663	17.349416055089012	32.699521767752586	0.0
2.0	32.84030771478972	17.875571050315056	17.424297777731386	31.859823457163834	0.0
3.0	32.35290029812577	18.06579614868762	17.126595737287957	32.45470781589865	0.0
4.0	32.46685656987617	17.87923682503114	17.898666629657516	31.755239975435174	0.0
5.0	32.309189923232545	17.86748607377435	17.222445472937395	32.6008785300557	0.0
6.0	32.63536657094419	18.125108120264333	17.368093277514447	31.87143203127703	0.0
7.0	32.34474989979406	18.254758054484387	17.345648297881162	32.05484374784039	0.0
8.0	32.591237727123705	17.940745086535642	17.28883750625507	32.17917968008558	0.0
9.0	32.30101611724642	18.534144021177152	17.826170878658782	31.33866898291765	0.0
10.0	32.07773206878152	18.23639774859287	17.325163089316142	32.360707093309465	0.0
11.0	32.63718883234768	18.193852289918855	17.042016228854354	32.12694264887911	0.0
12.0	32.54449247842763	18.229297219713697	17.11436704449076	32.11184325736791	0.0
13.0	32.846657749425525	17.782693692766745	17.541242240285353	31.82940631752238	0.0
14.0	32.068006330631626	18.14678295662421	17.185883513637577	32.59932719910659	0.0
15.0	32.5468324979043	18.305989427403212	17.162506629257695	31.984671445434792	0.0
16.0	31.864582870539664	18.55833934253111	17.165002887832483	32.412074899096744	0.0
17.0	32.79176451313418	18.093632242914097	17.06214843536672	32.052454808585004	0.0
18.0	32.737389027533446	18.169823671398763	16.99225408774155	32.100533213326244	0.0
19.0	32.39654843630816	17.93205840688678	17.350781845919148	32.32061131088591	0.0
20.0	32.59767910102577	18.234565885778032	17.15608249666694	32.01167251652926	0.0
21.0	32.38755265661095	18.10300312542465	17.294129637178965	32.21531458078543	0.0
22.0	32.59250209557164	18.037187488334368	17.424975141599557	31.945335274494436	0.0
23.0	32.724647211761074	18.111434643923705	17.134847647682935	32.029070496632286	0.0
24.0	32.45363114118678	18.085462909990756	17.039772784975103	32.42113316384735	0.0
25.0	32.613422333133826	18.231433295799224	17.386408594296842	31.768735776770107	0.0
26.0	32.497804499088026	17.719381206512193	17.35999459569006	32.42281969870972	0.0
27.0	32.35767474973092	18.420546526261806	17.25852871810271	31.963250005904563	0.0
28.0	32.55215178782058	18.198699154113168	17.06938968085465	32.17975937721161	0.0
29.0	32.64628756282211	18.098825525382992	16.98224991500291	32.272636996791995	0.0
30.0	32.712877958392994	18.03992251326539	17.232375979112273	32.01482354922934	0.0
31.0	32.23180933162813	17.971162184871115	17.270632063088204	32.52639642041256	0.0
32.0	32.7065650236938	17.995805031935124	17.100743407786698	32.19688653658438	0.0
33.0	32.55327277214501	18.135900929378714	17.35798153413413	31.952844764342146	0.0
34.0	33.089205818447645	17.663821520675256	17.149393855296914	32.097578805580184	0.0
35.0	32.5785847445253	17.91599743285873	17.191357291054736	32.31406053156123	0.0
36.0	32.38517913924739	17.938070703463755	17.371150674216533	32.305599483072314	0.0
37.0	33.00330820099961	17.972968829319313	17.267378276260338	31.756344693420736	0.0
38.0	32.399803563146264	18.026150656153657	17.229149046462773	32.3448967342373	0.0
39.0	32.875668992557834	17.95683610493492	17.146701913651718	32.02079298885553	0.0
40.0	32.46624474737839	17.93396313505862	17.280227576562623	32.31956454100037	0.0
41.0	32.60478888185257	18.053639584438702	17.295770790901464	32.04580074280726	0.0
42.0	32.38870978805131	18.256053227244667	17.30262706632828	32.052609918375744	0.0
43.0	32.602962688258444	18.318670979527646	17.268612948197596	31.809753384016314	0.0
44.0	32.440353339387435	18.17503233440656	17.182297256391205	32.202317069814804	0.0
45.0	32.291741988354836	18.15054696457901	17.435378295646665	32.12233275141949	0.0
46.0	32.422172649319215	18.057600342030046	17.288722317805217	32.231504690845526	0.0
47.0	32.32382886429884	18.202163371876164	17.3024852528769	32.171522510948094	0.0
48.0	32.37833744263973	18.19310397294428	17.28778861681784	32.140769967598146	0.0
49.0	32.53562496969194	18.041094277143905	17.154366786513428	32.26891396665073	0.0
50.0	32.54283960422136	18.054886021162297	17.33491015908137	32.06736421553497	0.0
51.0	32.52935091263808	18.16910013677421	17.11170356793235	32.18984538265536	0.0
52.0	32.443684536096804	18.09983527596489	17.28455555787235	32.17192463006596	0.0
53.0	32.6434949645395	17.90668216396044	17.305698039406742	32.14412483209332	0.0
54.0	32.46342992477013	18.15059905266091	17.27848983003622	32.10748119253274	0.0
55.0	32.718307452495615	18.036148317600247	17.304882429044195	31.940661800859942	0.0
56.0	32.57448583224852	18.07134306584628	17.17475596008809	32.17941514181712	0.0
57.0	32.46097818413124	18.25829541244644	17.29437093267907	31.98635547074325	0.0
58.0	32.51116055809788	18.02762500524791	17.22889290062555	32.232321536028664	0.0
59.0	32.44520857333945	18.04379112202057	17.343119163255516	32.16788114138446	0.0
60.0	32.45568537845283	18.03144252942042	17.306007443594794	32.206864648531955	0.0
61.0	32.540150287313985	18.260048973177014	17.16025735474682	32.03954338476219	0.0
62.0	32.454187240558255	18.170228905761626	17.209723753801633	32.16586009987849	0.0
63.0	32.4463130068583	18.04037641533643	17.309199818611958	32.20411075919331	0.0
64.0	32.51326325269839	18.216391550921042	17.249616526646122	32.02072866973445	0.0
65.0	32.65697795212925	18.2404665232258	17.096695812630074	32.005859712014875	0.0
66.0	32.47316755080101	18.085335119225956	17.309176785745755	32.13232054422728	0.0
67.0	32.52245641022022	18.039571264262378	17.290201031618906	32.147771293898494	0.0
68.0	32.51214826534072	17.999562097412138	17.37978867668663	32.10850096056051	0.0
69.0	32.33482761546511	18.056891138954096	17.378807591141783	32.229473654439005	0.0
70.0	32.62079581040675	18.206684241255463	17.15751667521806	32.015003273119724	0.0
71.0	32.45677412043038	18.277410626376817	17.206414642611755	32.059400610581044	0.0
72.0	32.36500547742203	18.10527286070331	17.387358322668018	32.14236333920664	0.0
73.0	32.34544951433578	18.252673104348627	17.332429882007364	32.069447499308225	0.0
74.0	32.51602137366636	18.223003319664127	17.220358239690402	32.0406170669791	0.0
75.0	32.49441173021362	18.183821203796825	17.156432462783368	32.16533460320619	0.0
76.0	32.49115319640793	18.196141193207076	17.344002845203164	31.968702765181828	0.0
77.0	32.422582631318576	18.262348875530737	17.135566256312796	32.17950223683789	0.0
78.0	32.509679740401296	18.200405355826188	17.196276995522563	32.09363790824995	0.0
79.0	32.46204140419175	18.10747122134166	17.400526910585626	32.029960463880954	0.0
80.0	32.4214304317268	18.314406710121194	17.226616433517783	32.03754642463422	0.0
81.0	32.508374581270935	18.128736420321843	17.251994543129985	32.11089445527723	0.0
82.0	32.52278657468635	18.135253958608857	17.200557600886444	32.14140186581835	0.0
83.0	32.50821953584219	18.156677411391794	17.285174068124658	32.04992898464136	0.0
84.0	32.48595560934216	18.135792877014463	17.281134865535478	32.0971166481079	0.0
85.0	32.58394756927399	18.12679836458561	17.23742533315656	32.05182873298384	0.0
86.0	32.46122119609074	18.275262261274992	17.09853850981799	32.16497803281628	0.0
87.0	32.51574923272968	18.187267799773856	17.348744548342516	31.94823841915394	0.0
88.0	32.29288309037796	18.10757108106457	17.297320604076763	32.3022252244807	0.0
89.0	32.74498592065941	18.194176223715868	17.25735164546674	31.803486210157985	0.0
90.0	32.318229753416574	18.184043161997863	17.301511317787046	32.19621576679852	0.0
91.0	32.631188350661795	18.148772597251945	17.267939101802014	31.952099950284246	0.0
92.0	32.36911471461076	18.111732528495654	17.39235476321834	32.12679799367525	0.0
93.0	32.45877142640578	18.251381504621857	17.334589410690374	31.955257658281987	0.0
94.0	32.45564278669158	18.304689165314844	17.161571894633777	32.0780961533598	0.0
95.0	32.649540501343594	18.114120587203477	17.162211524899003	32.074127386553926	0.0
96.0	32.425670880943066	18.245210062127992	17.261878901102083	32.06724015582685	0.0
97.0	32.53032570917038	18.22876837935496	17.187890736841343	32.05301517463332	0.0
98.0	32.55946420537826	18.14946231877748	17.221762665621778	32.069310810222476	0.0
99.0	32.61822526812013	18.0534823837904	17.137897095622552	32.19039525246693	0.0
100.0	32.61260802699175	18.105269281250113	17.26613996880533	32.015982722952806	0.0
101.0	32.58638385220664	18.14952577139488	17.232732328342347	32.031358048056134	0.0
102.0	32.54302256521248	18.1618442770788	17.387565631501666	31.907567526207053	0.0
103.0	32.337192421888105	18.181486588025884	17.49830389775239	31.983017092333615	0.0
104.0	32.55706111957002	18.11423543029068	17.307657198774614	32.02104625136468	0.0
105.0	32.43576199127774	18.10106268255146	17.265758372234995	32.1974169539358	0.0
106.0	32.417071671155874	18.158595854315493	17.350172736854432	32.0741597376742	0.0
107.0	32.4378689119228	18.37497389450081	17.1721057703229	32.015051423253496	0.0
108.0	32.55049680715666	18.273480511001647	17.282433676519673	31.893589005322013	0.0
109.0	32.60733876238241	18.148640412392332	17.189989792996087	32.05403103222916	0.0
110.0	32.460267286119645	18.268227060881838	17.240910360645135	32.03059529235338	0.0
111.0	32.50424051541119	18.12365011792496	17.405430067369924	31.966679299293922	0.0
112.0	32.58870198416937	18.085149484896814	17.43652831133816	31.889620219595656	0.0
113.0	32.24276663691947	18.297108129835458	17.261610626387487	32.19851460685759	0.0
114.0	32.468922945148584	18.28958978656792	17.29054600364027	31.95094126464323	0.0
115.0	32.40125377945014	18.118813345062872	17.267928824359988	32.212004051126996	0.0
116.0	32.65743427285647	18.192651586925628	17.181208550450027	31.968705589767882	0.0
117.0	32.3743459765515	18.262632101620053	17.271036210295403	32.09198571153304	0.0
118.0	32.542282337316415	18.297057765148004	17.174846136438678	31.98581376109691	0.0
119.0	32.52165386501063	18.224531637671042	17.17526630911171	32.07854818820663	0.0
120.0	32.5510830157107	18.022868829599332	17.36283350376499	32.063214650924984	0.0
121.0	32.475911778284114	18.25641483864242	17.370325693606755	31.89734768946671	0.0
122.0	32.52942886750114	18.242543071635716	17.36098168290628	31.867046377956864	0.0
123.0	32.46739674079382	18.133160146014827	17.30716114632089	32.09228196687046	0.0
124.0	32.52632916501603	18.173664107872963	17.34847182461674	31.95153490249426	0.0
125.0	32.48672655773526	18.22698989384988	17.277737659159705	32.00854588925515	0.0
126.0	32.27827233761952	18.2646194886551	17.36242244402482	32.094685729700565	0.0
127.0	32.55174431909841	18.136116540549462	17.273242268834107	32.03889687151802	0.0
128.0	32.497041864658264	18.257047874838005	17.22404823169243	32.0218620288113	0.0
129.0	32.5561276879041	18.235433506226798	17.2808208615586	31.927617944310498	0.0
130.0	32.48640342287238	18.22958253611944	17.26953613450442	32.01447790650376	0.0
131.0	32.40108008628622	18.327902731894223	17.219909188275935	32.05110799354362	0.0
132.0	32.46716949491821	18.253647519158207	17.27468094829833	32.00450203762525	0.0
133.0	32.4172956783494	18.213480766612715	17.502155531016957	31.867068024020934	0.0
134.0	32.49109093869884	18.22939744070409	17.33489360251764	31.944618018079428	0.0
135.0	32.46896070504896	18.323991839149333	17.251173691116353	31.95587376468536	0.0
136.0	32.53310346660793	18.291113043544303	17.392278452652643	31.78350503719512	0.0
137.0	32.44450696942275	18.04217394279978	17.464240359535523	32.049078728241945	0.0
138.0	32.456788243356435	18.25553948069748	17.272900327419478	32.01477194852661	0.0
139.0	32.50278290306348	18.223821650223396	17.226551182543194	32.046844264169934	0.0
140.0	32.28463990532364	18.30880528355189	17.4540456966157	31.95250911450877	0.0
141.0	32.471261072180866	18.328688465052622	17.272793305272977	31.92725715749353	0.0
142.0	32.33902457698491	18.213000535946712	17.371564198759668	32.076410688308705	0.0
143.0	32.47897983674628	18.22054205757972	17.241709831646993	32.05876827402702	0.0
144.0	32.4463591822943	18.35268549662873	17.204610729699425	31.996344591377536	0.0
145.0	32.40463286007178	18.280641153368286	17.335528466855664	31.97919751970427	0.0
146.0	32.5037855582398	18.142938055552342	17.31685796739604	32.03641841881182	0.0
147.0	32.43028380453995	18.248932935065337	17.436960196355386	31.883823064039333	0.0
148.0	32.56054775042117	18.137277630948518	17.407381647887977	31.894792970742337	0.0
149.0	32.29809104258444	18.258366179766597	17.279156039879435	32.16438673776953	0.0
