#                                                                                                       --- full sequence --- -------------- this domain -------------   hmm coord   ali coord   env coord
# target name                                   accession   tlen query name           accession   qlen   E-value  score  bias   #  of  c-Evalue  i-Evalue  score  bias  from    to  from    to  from    to  acc description of target
#                           ------------------- ---------- ----- -------------------- ---------- ----- --------- ------ ----- --- --- --------- --------- ------ ----- ----- ----- ----- ----- ----- ----- ---- ---------------------
NODE_1_length_73696_cov_32.301567:11039-13258|+ -            740 10883                -            691  2.8e-301  996.5   8.2   1   1  2.2e-303  3.7e-301  996.1   8.2     3   690     5   697     3   698 0.90 NODE_1_length_73696_cov_32.301567_10 # 11039 # 13258 # 1 # ID=1_10;partial=00;start_type=ATG;rbs_motif=GGA/GAG/AGG;rbs_spacer=5-10bp;gc_cont=0.319
NODE_14_length_15897_cov_20.600380:4861-7344|-  -            828 10883                -            691   2.6e-07   24.9   0.0   1   3      0.23        40   -2.2   0.3    98   180    70   154    16   197 0.44 NODE_14_length_15897_cov_20.600380_5 # 4861 # 7344 # -1 # ID=14_5;partial=00;start_type=ATG;rbs_motif=AGGAG;rbs_spacer=5-10bp;gc_cont=0.302
NODE_14_length_15897_cov_20.600380:4861-7344|-  -            828 10883                -            691   2.6e-07   24.9   0.0   2   3      0.25        42   -2.3   0.4    45   100   215   238   176   365 0.54 NODE_14_length_15897_cov_20.600380_5 # 4861 # 7344 # -1 # ID=14_5;partial=00;start_type=ATG;rbs_motif=AGGAG;rbs_spacer=5-10bp;gc_cont=0.302
NODE_14_length_15897_cov_20.600380:4861-7344|-  -            828 10883                -            691   2.6e-07   24.9   0.0   3   3   1.5e-09   2.6e-07   24.9   0.0   249   367   402   531   374   559 0.83 NODE_14_length_15897_cov_20.600380_5 # 4861 # 7344 # -1 # ID=14_5;partial=00;start_type=ATG;rbs_motif=AGGAG;rbs_spacer=5-10bp;gc_cont=0.302
NODE_8_length_30985_cov_8.604803:6912-7865|+    -            318 10883                -            691   0.00023   15.1   1.2   1   1   2.8e-06   0.00048   14.1   0.5   247   319    40   104    28   154 0.79 NODE_8_length_30985_cov_8.604803_10 # 6912 # 7865 # 1 # ID=8_10;partial=00;start_type=ATG;rbs_motif=GGA/GAG/AGG;rbs_spacer=5-10bp;gc_cont=0.266
NODE_7_length_31690_cov_28.497069:31230-31688|- -            153 10883                -            691     0.014    9.3   7.2   1   1   0.00011     0.018    8.9   7.2   575   672    25   118    19   141 0.78 NODE_7_length_31690_cov_28.497069_40 # 31230 # 31688 # -1 # ID=7_40;partial=01;start_type=Edge;rbs_motif=None;rbs_spacer=None;gc_cont=0.211
#
# Program:         hmmsearch
# Version:         3.4 (Aug 2023)
# Pipeline mode:   SEARCH
# Query file:      /home/genomika25/studenci/dmyboi/sequence_adnotation_cw3/busco_downloads/lineages/mycoplasmatales_odb12/hmms/10883at2085.hmm
# Target file:     /home/genomika25/studenci/dmyboi/sequence_adnotation_cw3/busco_genome/prodigal_output/predicted_genes/predicted.faa
# Option settings: hmmsearch --domtblout /home/genomika25/studenci/dmyboi/sequence_adnotation_cw3/busco_genome/run_mycoplasmatales_odb12/hmmer_output/10883at2085.out --cpu 1 /home/genomika25/studenci/dmyboi/sequence_adnotation_cw3/busco_downloads/lineages/mycoplasmatales_odb12/hmms/10883at2085.hmm /home/genomika25/studenci/dmyboi/sequence_adnotation_cw3/busco_genome/prodigal_output/predicted_genes/predicted.faa 
# Current dir:     /home/genomika25/studenci/dmyboi/sequence_adnotation_cw3
# Date:            Tue Oct 28 11:30:59 2025
# [ok]
