#                                                                                                       --- full sequence --- -------------- this domain -------------   hmm coord   ali coord   env coord
# target name                                   accession   tlen query name           accession   qlen   E-value  score  bias   #  of  c-Evalue  i-Evalue  score  bias  from    to  from    to  from    to  acc description of target
#                           ------------------- ---------- ----- -------------------- ---------- ----- --------- ------ ----- --- --- --------- --------- ------ ----- ----- ----- ----- ----- ----- ----- ---- ---------------------
NODE_14_length_15897_cov_20.600380:7411-8199|-  -            263 7787                 -            657      0.12    6.2  26.2   1   1    0.0016      0.15    5.9  26.2   490   640    30   180     2   196 0.63 NODE_14_length_15897_cov_20.600380_6 # 7411 # 8199 # -1 # ID=14_6;partial=00;start_type=ATG;rbs_motif=AGGAG;rbs_spacer=5-10bp;gc_cont=0.242
NODE_3_length_51449_cov_28.078621:16779-18566|+ -            596 7787                 -            657       1.4    2.7  18.6   1   1     0.031         3    1.6  18.6   431   615   464   578   395   594 0.36 NODE_3_length_51449_cov_28.078621_14 # 16779 # 18566 # 1 # ID=3_14;partial=00;start_type=ATG;rbs_motif=AGGAG;rbs_spacer=5-10bp;gc_cont=0.323
NODE_33_length_4454_cov_0.400416:3844-4452|-    -            203 7787                 -            657       1.4    2.7  13.0   1   1     0.017       1.7    2.5  13.0   418   575    13   184     2   201 0.50 NODE_33_length_4454_cov_0.400416_2 # 3844 # 4452 # -1 # ID=33_2;partial=01;start_type=Edge;rbs_motif=None;rbs_spacer=None;gc_cont=0.368
NODE_36_length_3656_cov_19.174837:1434-2051|-   -            206 7787                 -            657       1.8    2.4  21.8   1   1     0.044       4.3    1.1  22.0   470   643    38   156    24   204 0.25 NODE_36_length_3656_cov_19.174837_2 # 1434 # 2051 # -1 # ID=36_2;partial=00;start_type=ATG;rbs_motif=AGGA;rbs_spacer=5-10bp;gc_cont=0.290
NODE_137_length_332_cov_33.043902:3-332|+       -            110 7787                 -            657       1.9    2.2  22.5   1   1     0.021         2    2.2  22.5   493   598     4   108     1   110 0.53 NODE_137_length_332_cov_33.043902_1 # 3 # 332 # 1 # ID=137_1;partial=11;start_type=Edge;rbs_motif=None;rbs_spacer=None;gc_cont=0.270
NODE_144_length_274_cov_8.761905:3-272|-        -             90 7787                 -            657       3.5    1.4  18.0   1   1     0.037       3.6    1.4  18.0   506   583     3    84     1    90 0.48 NODE_144_length_274_cov_8.761905_1 # 3 # 272 # -1 # ID=144_1;partial=11;start_type=Edge;rbs_motif=None;rbs_spacer=None;gc_cont=0.230
NODE_138_length_332_cov_25.931707:1-330|-       -            110 7787                 -            657       4.6    1.0  21.9   1   1      0.05       4.9    0.9  21.9   494   598     5   108     1   110 0.45 NODE_138_length_332_cov_25.931707_1 # 1 # 330 # -1 # ID=138_1;partial=11;start_type=Edge;rbs_motif=None;rbs_spacer=None;gc_cont=0.267
#
# Program:         hmmsearch
# Version:         3.4 (Aug 2023)
# Pipeline mode:   SEARCH
# Query file:      /home/genomika25/studenci/dmyboi/sequence_adnotation_cw3/busco_downloads/lineages/mycoplasmatales_odb12/hmms/7787at2085.hmm
# Target file:     /home/genomika25/studenci/dmyboi/sequence_adnotation_cw3/busco_genome/prodigal_output/predicted_genes/predicted.faa
# Option settings: hmmsearch --domtblout /home/genomika25/studenci/dmyboi/sequence_adnotation_cw3/busco_genome/run_mycoplasmatales_odb12/hmmer_output/7787at2085.out --cpu 1 /home/genomika25/studenci/dmyboi/sequence_adnotation_cw3/busco_downloads/lineages/mycoplasmatales_odb12/hmms/7787at2085.hmm /home/genomika25/studenci/dmyboi/sequence_adnotation_cw3/busco_genome/prodigal_output/predicted_genes/predicted.faa 
# Current dir:     /home/genomika25/studenci/dmyboi/sequence_adnotation_cw3
# Date:            Tue Oct 28 11:31:05 2025
# [ok]
