#-- reverse hits sorted by %sim
0 0 0
0 0 0


375507 376416 68.4848484848485
376416 375507 68.4848484848485


375507 376305 68.584579976985
376305 375507 68.584579976985


375618 376416 68.584579976985
376416 375618 68.584579976985


375507 376194 68.716577540107
376194 375507 68.716577540107


375729 376416 68.716577540107
376416 375729 68.716577540107


375507 376083 68.8995215311005
376083 375507 68.8995215311005


375840 376416 68.8995215311005
376416 375840 68.8995215311005


375507 375972 69.1699604743083
375972 375507 69.1699604743083


375951 376416 69.1699604743083
376416 375951 69.1699604743083


375507 375861 69.6103896103896
375861 375507 69.6103896103896


376062 376416 69.6103896103896
376416 376062 69.6103896103896


362919 363578 69.9421965317919
363578 362919 69.9421965317919


362919 363498 70.0657894736842
363498 362919 70.0657894736842


362999 363578 70.0657894736842
363578 362999 70.0657894736842


362919 363418 70.2290076335878
363418 362919 70.2290076335878


363079 363578 70.2290076335878
363578 363079 70.2290076335878


362919 363338 70.4545454545455
363338 362919 70.4545454545455


363159 363578 70.4545454545455
363578 363159 70.4545454545455


375507 375750 70.4545454545455
375750 375507 70.4545454545455


376173 376416 70.4545454545455
376416 376173 70.4545454545455


362919 363258 70.7865168539326
363258 362919 70.7865168539326


363239 363578 70.7865168539326
363578 363239 70.7865168539326


362919 363178 71.3235294117647
363178 362919 71.3235294117647


363319 363578 71.3235294117647
363578 363319 71.3235294117647


