#-- forward hits sorted by %sim
0 0 0
0 0 0


154804 155074 70.3282828282828
155547 155709 70.3282828282828


154804 154966 70.5325443786982
155547 155709 70.5325443786982


154804 155128 72.2570532915361
155393 155667 72.2570532915361


155128 154804 72.2570532915361
155667 155393 72.2570532915361


155074 154804 73.9064856711916
155667 155393 73.9064856711916


154966 154804 74.4827586206897
155667 155422 74.4827586206897


39429 47833 74.5152354570637
39789 48104 74.5152354570637


163143 164496 74.6189024390244
164208 165807 74.6189024390244


163143 164701 74.6189024390244
164208 166012 74.6189024390244


164701 163143 74.6189024390244
166012 164208 74.6189024390244


163143 165111 74.6951219512195
164208 166422 74.6951219512195


163143 165521 74.6951219512195
164208 166832 74.6951219512195


163143 165726 74.9774164408311
164044 166832 74.9774164408311


164906 163143 74.9774164408311
166012 164044 74.9774164408311


165521 163143 74.9774164408311
166627 164044 74.9774164408311


163199 164880 75.2615844544096
164290 166217 75.2615844544096


163199 164675 75.2615844544096
164290 166012 75.2615844544096


163199 164470 75.2615844544096
164290 165807 75.2615844544096


164470 163199 75.2615844544096
165807 164290 75.2615844544096


163199 165085 75.3363228699552
164290 166422 75.3363228699552


163199 165290 75.3363228699552
164290 166627 75.3363228699552


163199 165495 75.3363228699552
164290 166832 75.3363228699552


163143 165931 75.3880266075388
163880 166832 75.3880266075388


165931 163143 75.3880266075388
166832 163880 75.3880266075388


163363 164470 75.639894086496
164290 165602 75.639894086496


163199 165700 75.7281553398058
164126 166832 75.7281553398058


164880 163363 75.7281553398058
166012 164290 75.7281553398058


163445 164470 75.9698275862069
164208 165397 75.9698275862069


164470 163445 75.9698275862069
165397 164208 75.9698275862069


164496 163143 76.0401721664275
165192 163716 76.0401721664275


163143 165316 76.0519801980198
164471 166931 76.0519801980198


163527 164470 76.1853448275862
164290 165397 76.1853448275862


163199 165905 76.2931034482759
163962 166832 76.2931034482759


165905 163527 76.2931034482759
166832 164290 76.2931034482759


165905 163199 76.2931034482759
166832 163962 76.2931034482759


165085 163199 76.4008620689655
166012 163962 76.4008620689655


164470 163281 76.7634854771784
165192 163880 76.7634854771784


166110 163445 76.9017980636238
166832 164044 76.9017980636238


163199 166110 77.0401106500692
163798 166832 77.0401106500692


164675 163691 77.0401106500692
165397 164290 77.0401106500692


164880 163199 77.0401106500692
165602 163798 77.0401106500692


166110 163199 77.0401106500692
166832 163798 77.0401106500692


166110 163527 77.1784232365145
166832 164126 77.1784232365145


163143 166341 77.6422764227642
163552 166832 77.6422764227642


165111 163143 77.6422764227642
165602 163552 77.6422764227642


165316 163143 77.6422764227642
165807 163552 77.6422764227642


166341 163143 77.6422764227642
166832 163552 77.6422764227642


165700 163609 78.3783783783784
166217 164044 78.3783783783784


166110 163855 78.5714285714286
166627 164290 78.5714285714286


154804 155020 78.7518573551263
155422 155667 78.7518573551263


163199 166315 78.7644787644788
163634 166832 78.7644787644788


163281 166315 78.7644787644788
163716 166832 78.7644787644788


165495 163363 78.7644787644788
166012 163798 78.7644787644788


166315 163199 78.7644787644788
166832 163634 78.7644787644788


155020 154804 79.1291291291291
155667 155393 79.1291291291291


154966 154804 79.6737766624843
155709 155547 79.6737766624843


163143 164906 80.7996051332675
164881 166931 80.7996051332675


163143 166546 80.8362369337979
163388 166832 80.8362369337979


165726 163143 80.8362369337979
166012 163388 80.8362369337979


166546 163143 80.8362369337979
166832 163388 80.8362369337979


164675 164019 81.7891373801917
164987 164290 81.7891373801917


165905 163609 81.7891373801917
166217 163880 81.7891373801917


164019 164470 82.1086261980831
164290 164782 82.1086261980831


164470 163609 82.1086261980831
164782 163880 82.1086261980831


164470 164019 82.1086261980831
164782 164290 82.1086261980831


166110 164019 82.1086261980831
166422 164290 82.1086261980831


166315 163937 82.1717990275527
166931 164471 82.1717990275527


163199 166520 82.4281150159744
163470 166832 82.4281150159744


165495 163199 82.4281150159744
165807 163470 82.4281150159744


165700 163199 82.4281150159744
166012 163470 82.4281150159744


166520 163445 82.4281150159744
166832 163716 82.4281150159744


166520 163199 82.4281150159744
166832 163470 82.4281150159744


358602 359783 82.7250608272506
359283 360603 82.7250608272506


359783 358602 82.7250608272506
360603 359283 82.7250608272506


163143 163881 83.155487804878
164290 165192 83.155487804878


163881 163143 83.155487804878
165192 164290 83.155487804878


154804 155182 83.6363636363636
155248 155667 83.6363636363636


155182 154804 83.6363636363636
155667 155248 83.6363636363636


165700 163855 85.2359208523592
166931 165086 85.2359208523592


155278 154842 85.3211009174312
155709 155236 85.3211009174312


154842 155278 85.9188544152745
155248 155667 85.9188544152745


163281 164470 86.3525588952071
165496 166931 86.3525588952071


163143 163717 86.8607395751377
164290 164987 86.8607395751377


164675 163527 86.9174861051732
166931 165701 86.9174861051732


155249 154842 87.8504672897196
155667 155248 87.8504672897196


125251 129163 87.9598662207358
125778 129760 87.9598662207358


129163 125251 87.9598662207358
129760 125778 87.9598662207358


287289 290765 89.6162528216704
288106 291627 89.6162528216704


290765 287289 89.6162528216704
291627 288106 89.6162528216704


165290 163773 89.7076735688185
166931 165291 89.7076735688185


139651 148268 89.9581589958159
139868 148506 89.9581589958159


140316 148268 89.9581589958159
140533 148506 89.9581589958159


140981 148268 89.9581589958159
141198 148506 89.9581589958159


141646 148268 89.9581589958159
141863 148506 89.9581589958159


142258 148268 89.9581589958159
142475 148506 89.9581589958159


142923 148268 89.9581589958159
143140 148506 89.9581589958159


143588 148268 89.9581589958159
143805 148506 89.9581589958159


148268 140981 89.9581589958159
148506 141198 89.9581589958159


148268 139651 89.9581589958159
148506 139868 89.9581589958159


148268 140316 89.9581589958159
148506 140533 89.9581589958159


148268 143588 89.9581589958159
148506 143805 89.9581589958159


148268 142923 89.9581589958159
148506 143140 89.9581589958159


148268 141646 89.9581589958159
148506 141863 89.9581589958159


148268 142258 89.9581589958159
148506 142475 89.9581589958159


358602 359162 90.1593901593902
359904 360603 90.1593901593902


359162 358602 90.1593901593902
360603 359904 90.1593901593902


287264 290422 90.2017291066282
287889 291115 90.2017291066282


287264 289979 90.2017291066282
287889 290672 90.2017291066282


287264 288650 90.2017291066282
287889 289343 90.2017291066282


287264 288207 90.2017291066282
287889 288900 90.2017291066282


125050 128154 90.2739726027397
125709 128883 90.2739726027397


128154 125050 90.2739726027397
128883 125709 90.2739726027397


82798 82702 90.4145077720207
83183 83055 90.4145077720207


357757 358602 90.5343511450382
358411 359195 90.5343511450382


358602 357757 90.5343511450382
359195 358411 90.5343511450382


163609 164470 90.8610885458976
165906 166931 90.8610885458976


154842 155307 91.4004914004914
155236 155709 91.4004914004914


141646 144992 91.8918918918919
142258 145657 91.8918918918919


144992 141646 91.8918918918919
145657 142258 91.8918918918919


354153 358719 92.552645095018
356020 360603 92.552645095018


358719 354153 92.552645095018
360603 356020 92.552645095018


355899 358602 92.6841085271318
357878 360603 92.6841085271318


358602 355899 92.6841085271318
360603 357878 92.6841085271318


163143 163799 92.7545483562081
166111 166931 92.7545483562081


355278 358602 92.781007751938
357257 360603 92.781007751938


358602 355278 92.781007751938
360603 357257 92.781007751938


356520 358602 92.8970065956367
358411 360516 92.8970065956367


358602 356520 92.8970065956367
360516 358411 92.8970065956367


354657 358602 92.9748062015504
356641 360603 92.9748062015504


358602 354657 92.9748062015504
360603 356641 92.9748062015504


164470 163773 93.0544272948822
166931 166111 93.0544272948822


287289 290322 93.0775018811136
288549 291627 93.0775018811136


165290 163937 93.1181485992692
166931 165496 93.1181485992692


163717 163143 93.6120789779326
164577 163962 93.6120789779326


125050 127766 93.649373881932
126097 128883 93.649373881932


127766 125050 93.649373881932
128883 126097 93.649373881932


354153 359279 93.815987933635
355399 360603 93.815987933635


359279 354153 93.815987933635
360603 355399 93.815987933635


175238 179090 93.8202247191011
175573 179445 93.8202247191011


175238 179090 93.8202247191011
175573 179445 93.8202247191011


179090 175238 93.8202247191011
179445 175573 93.8202247191011


179090 175238 93.8202247191011
179445 175573 93.8202247191011


154804 154858 94.0706955530217
155655 155709 94.0706955530217


154858 154804 94.0706955530217
155709 155655 94.0706955530217


36644 46799 94.2712110224801
38022 48104 94.2712110224801


46799 36644 94.2712110224801
48104 38022 94.2712110224801


164880 163937 94.4444444444444
166931 165906 94.4444444444444


175781 179048 94.4723618090452
176158 179445 94.4723618090452


176366 179048 94.4723618090452
176743 179445 94.4723618090452


179048 175781 94.4723618090452
179445 176158 94.4723618090452


179048 176366 94.4723618090452
179445 176743 94.4723618090452


179048 181234 94.4723618090452
179445 181611 94.4723618090452


179048 181234 94.4723618090452
179445 181611 94.4723618090452


181234 179048 94.4723618090452
181611 179445 94.4723618090452


181234 179048 94.4723618090452
181611 179445 94.4723618090452


171160 179048 94.7236180904523
171537 179445 94.7236180904523


171160 179048 94.7236180904523
171537 179445 94.7236180904523


171745 179048 94.7236180904523
172122 179445 94.7236180904523


171745 179048 94.7236180904523
172122 179445 94.7236180904523


172330 179048 94.7236180904523
172707 179445 94.7236180904523


172330 179048 94.7236180904523
172707 179445 94.7236180904523


172915 179048 94.7236180904523
173292 179445 94.7236180904523


172915 179048 94.7236180904523
173292 179445 94.7236180904523


173500 179048 94.7236180904523
173877 179445 94.7236180904523


173500 179048 94.7236180904523
173877 179445 94.7236180904523


174085 179048 94.7236180904523
174462 179445 94.7236180904523


174085 179048 94.7236180904523
174462 179445 94.7236180904523


174670 179048 94.7236180904523
175047 179445 94.7236180904523


174670 179048 94.7236180904523
175047 179445 94.7236180904523


176951 179048 94.7236180904523
177328 179445 94.7236180904523


176951 179048 94.7236180904523
177328 179445 94.7236180904523


179048 171745 94.7236180904523
179445 172122 94.7236180904523


179048 172330 94.7236180904523
179445 172707 94.7236180904523


179048 173500 94.7236180904523
179445 173877 94.7236180904523


179048 172915 94.7236180904523
179445 173292 94.7236180904523


179048 174670 94.7236180904523
179445 175047 94.7236180904523


179048 171160 94.7236180904523
179445 171537 94.7236180904523


179048 176951 94.7236180904523
179445 177328 94.7236180904523


179048 174085 94.7236180904523
179445 174462 94.7236180904523


179048 172915 94.7236180904523
179445 173292 94.7236180904523


179048 174670 94.7236180904523
179445 175047 94.7236180904523


179048 171160 94.7236180904523
179445 171537 94.7236180904523


179048 176951 94.7236180904523
179445 177328 94.7236180904523


179048 173500 94.7236180904523
179445 173877 94.7236180904523


179048 172330 94.7236180904523
179445 172707 94.7236180904523


179048 171745 94.7236180904523
179445 172122 94.7236180904523


179048 174085 94.7236180904523
179445 174462 94.7236180904523


174670 180649 94.8275862068966
175770 181808 94.8275862068966


180649 174670 94.8275862068966
181808 175770 94.8275862068966


357136 358602 94.9059561128527
358411 359816 94.9059561128527


358602 357136 94.9059561128527
359816 358411 94.9059561128527


39518 46508 95.1497005988024
41187 48104 95.1497005988024


46508 39518 95.1497005988024
48104 41187 95.1497005988024


137790 148008 95.190380761523
138267 148506 95.190380761523


137790 148008 95.190380761523
138267 148506 95.190380761523


148008 137790 95.190380761523
148506 138267 95.190380761523


148008 137790 95.190380761523
148506 138267 95.190380761523


125050 127378 95.2191235059761
126485 128883 95.2191235059761


127378 125050 95.2191235059761
128883 126485 95.2191235059761


163937 164470 95.2883834281072
166316 166931 95.2883834281072


164470 163937 95.2883834281072
166931 166316 95.2883834281072


143785 147997 95.2941176470588
144273 148506 95.2941176470588


147997 143785 95.2941176470588
148506 144273 95.2941176470588


36644 46100 95.6864807995792
38544 47927 95.6864807995792


46100 36644 95.6864807995792
47927 38544 95.6864807995792


287289 289436 95.8013544018059
289435 291627 95.8013544018059


36644 45401 95.9495002630195
38544 47228 95.9495002630195


45401 36644 95.9495002630195
47228 38544 95.9495002630195


39429 43712 96.0922063666301
43983 48104 96.0922063666301


43712 39429 96.0922063666301
48104 43983 96.0922063666301


287289 288993 96.4635063957863
289878 291627 96.4635063957863


39518 45809 96.4964119881807
41886 48104 96.4964119881807


45809 39518 96.4964119881807
48104 41886 96.4964119881807


143588 147800 96.6053748231966
144273 148506 96.6053748231966


147800 143588 96.6053748231966
148506 144273 96.6053748231966


177536 179048 96.7840735068913
178168 179700 96.7840735068913


177536 179048 96.7840735068913
178168 179700 96.7840735068913


179048 177536 96.7840735068913
179700 178168 96.7840735068913


179048 177536 96.7840735068913
179700 178168 96.7840735068913


339895 340076 96.8553459119497
340839 341014 96.8553459119497


339897 340074 96.8553459119497
340839 341014 96.8553459119497


340074 339897 96.8553459119497
341014 340839 96.8553459119497


340076 339895 96.8553459119497
341014 340839 96.8553459119497


58366 179700 96.969696969697
58827 180147 96.969696969697


179700 58366 96.969696969697
180147 58827 96.969696969697


323087 323158 97.1937029431896
327443 327443 97.1937029431896


323158 323087 97.1937029431896
327443 327443 97.1937029431896


39518 45110 97.2620599739244
42585 48104 97.2620599739244


45110 39518 97.2620599739244
48104 42585 97.2620599739244


125050 126214 97.2659176029963
127649 128883 97.2659176029963


126214 125050 97.2659176029963
128883 127649 97.2659176029963


88132 112282 97.2691161866932
90132 114257 97.2691161866932


112282 88132 97.2691161866932
114257 90132 97.2691161866932


280941 326265 97.2704714640198
281332 326667 97.2704714640198


326265 280941 97.2704714640198
326667 281332 97.2704714640198


290765 287664 97.2911963882619
291627 288549 97.2911963882619


178925 180148 97.2938144329897
179700 180903 97.2938144329897


178925 180148 97.2938144329897
179700 180903 97.2938144329897


180148 178925 97.2938144329897
180903 179700 97.2938144329897


180148 178925 97.2938144329897
180903 179700 97.2938144329897


139792 148430 97.4025974025974
139868 148506 97.4025974025974


140457 148430 97.4025974025974
140533 148506 97.4025974025974


141122 148430 97.4025974025974
141198 148506 97.4025974025974


141787 148430 97.4025974025974
141863 148506 97.4025974025974


142399 148430 97.4025974025974
142475 148506 97.4025974025974


143064 148430 97.4025974025974
143140 148506 97.4025974025974


143729 148430 97.4025974025974
143805 148506 97.4025974025974


148430 139792 97.4025974025974
148506 139868 97.4025974025974


148430 140457 97.4025974025974
148506 140533 97.4025974025974


148430 141122 97.4025974025974
148506 141198 97.4025974025974


148430 142399 97.4025974025974
148506 142475 97.4025974025974


148430 141787 97.4025974025974
148506 141863 97.4025974025974


148430 143729 97.4025974025974
148506 143805 97.4025974025974


148430 143064 97.4025974025974
148506 143140 97.4025974025974


289343 290672 97.4463738508682
290321 291627 97.4463738508682


290672 289343 97.4463738508682
291627 290321 97.4463738508682


82702 82830 97.4719101123596
83055 83183 97.4719101123596


349924 353912 97.4789915966387
350042 354030 97.4789915966387


353912 349924 97.4789915966387
354030 350042 97.4789915966387


137790 147540 97.5180972078594
138735 148506 97.5180972078594


137790 147540 97.5180972078594
138735 148506 97.5180972078594


147540 137790 97.5180972078594
148506 138735 97.5180972078594


147540 137790 97.5180972078594
148506 138735 97.5180972078594


288014 290672 97.5485188968335
288992 291627 97.5485188968335


289786 290672 97.5485188968335
290764 291627 97.5485188968335


290672 288014 97.5485188968335
291627 288992 97.5485188968335


290672 289786 97.5485188968335
291627 290764 97.5485188968335


147528 143784 97.5485188968335
148506 144741 97.5485188968335


52679 53809 97.5504322766571
53360 54500 97.5504322766571


53809 52679 97.5504322766571
54500 53360 97.5504322766571


178547 180148 97.5528364849833
179445 181026 97.5528364849833


178547 180148 97.5528364849833
179445 181026 97.5528364849833


180148 178547 97.5528364849833
181026 179445 97.5528364849833


180148 178547 97.5528364849833
181026 179445 97.5528364849833


305229 306468 97.5903614457831
305393 306633 97.5903614457831


306468 305229 97.5903614457831
306633 305393 97.5903614457831


174127 175238 97.6083707025411
176743 177913 97.6083707025411


175238 174127 97.6083707025411
177913 176743 97.6083707025411


140677 141954 97.6086956521739
142923 144253 97.6086956521739


141954 140677 97.6086956521739
144253 142923 97.6086956521739


173542 175238 97.6457399103139
176158 177913 97.6457399103139


175238 173542 97.6457399103139
177913 176158 97.6457399103139


39518 44411 97.7170161932572
43284 48104 97.7170161932572


44411 39518 97.7170161932572
48104 43284 97.7170161932572


143588 147332 97.7872340425532
144741 148506 97.7872340425532


143588 147332 97.7872340425532
144741 148506 97.7872340425532


147332 143588 97.7872340425532
148506 144741 97.7872340425532


82702 82960 97.787610619469
82927 83183 97.787610619469


82960 82702 97.787610619469
83183 82927 97.787610619469


313727 315086 97.8142076502732
313908 315268 97.8142076502732


315086 313727 97.8142076502732
315268 313908 97.8142076502732


82702 82864 97.8260869565217
83023 83183 97.8260869565217


82864 82702 97.8260869565217
83183 83023 97.8260869565217


39518 40217 97.8771511116694
47405 48104 97.8771511116694


40217 39518 97.8771511116694
48104 47405 97.8771511116694


38539 40916 97.8947368421053
38633 41010 97.8947368421053


38628 40916 97.8947368421053
38722 41010 97.8947368421053


38717 40916 97.8947368421053
38811 41010 97.8947368421053


38806 40916 97.8947368421053
38900 41010 97.8947368421053


38895 40916 97.8947368421053
38989 41010 97.8947368421053


38984 40916 97.8947368421053
39078 41010 97.8947368421053


39073 40916 97.8947368421053
39167 41010 97.8947368421053


39162 40916 97.8947368421053
39256 41010 97.8947368421053


39251 40916 97.8947368421053
39345 41010 97.8947368421053


39340 40916 97.8947368421053
39434 41010 97.8947368421053


39429 40916 97.8947368421053
39523 41010 97.8947368421053


40916 38717 97.8947368421053
41010 38811 97.8947368421053


40916 38895 97.8947368421053
41010 38989 97.8947368421053


40916 39251 97.8947368421053
41010 39345 97.8947368421053


40916 38539 97.8947368421053
41010 38633 97.8947368421053


40916 39340 97.8947368421053
41010 39434 97.8947368421053


40916 38806 97.8947368421053
41010 38900 97.8947368421053


40916 39162 97.8947368421053
41010 39256 97.8947368421053


40916 38628 97.8947368421053
41010 38722 97.8947368421053


40916 38984 97.8947368421053
41010 39078 97.8947368421053


40916 39073 97.8947368421053
41010 39167 97.8947368421053


40916 39429 97.8947368421053
41010 39523 97.8947368421053


247202 254135 97.9274611398964
247394 254327 97.9274611398964


254135 247202 97.9274611398964
254327 247394 97.9274611398964


177536 178670 97.9631425800194
178546 179700 97.9631425800194


177536 178670 97.9631425800194
178546 179700 97.9631425800194


178670 177536 97.9631425800194
179700 178546 97.9631425800194


178670 177536 97.9631425800194
179700 178546 97.9631425800194


82702 82928 98.062015503876
82959 83183 98.062015503876


82928 82702 98.062015503876
83183 82959 98.062015503876


82702 82798 98.1041781704399
88132 88132 98.1041781704399


57176 58304 98.1682884945621
58908 60034 98.1682884945621


58304 57176 98.1682884945621
60034 58908 98.1682884945621


137790 147072 98.1881533101045
139203 148506 98.1881533101045


137790 147072 98.1881533101045
139203 148506 98.1881533101045


147072 137790 98.1881533101045
148506 139203 98.1881533101045


147072 137790 98.1881533101045
148506 139203 98.1881533101045


147061 143785 98.2019363762102
148506 145209 98.2019363762102


342949 342882 98.2494932743689
348295 348295 98.2494932743689


52679 70723 98.2551799345692
54500 72542 98.2551799345692


70723 52679 98.2551799345692
72542 54500 98.2551799345692


52679 57625 98.2570806100218
54500 59446 98.2570806100218


52679 57625 98.2570806100218
54500 59446 98.2570806100218


57625 52679 98.2570806100218
59446 54500 98.2570806100218


57625 52679 98.2570806100218
59446 54500 98.2570806100218


39518 43013 98.2768635043562
44682 48104 98.2768635043562


43013 39518 98.2768635043562
48104 44682 98.2768635043562


215445 321808 98.3277591973244
215742 322105 98.3277591973244


321808 215445 98.3277591973244
322105 215742 98.3277591973244


358602 360483 98.3606557377049
358723 360603 98.3606557377049


360483 358602 98.3606557377049
360603 358723 98.3606557377049


52679 71851 98.3624454148472
54500 73670 98.3624454148472


71851 52679 98.3624454148472
73670 54500 98.3624454148472


177536 178292 98.3676366217175
178924 179700 98.3676366217175


178292 177536 98.3676366217175
179700 178924 98.3676366217175


56954 58082 98.3748095479939
58908 60034 98.3748095479939


58082 56954 98.3748095479939
60034 58908 98.3748095479939


143588 146864 98.4175289105295
145209 148506 98.4175289105295


143588 146864 98.4175289105295
145209 148506 98.4175289105295


146864 143588 98.4175289105295
148506 145209 98.4175289105295


244864 254135 98.4455958549223
245056 254327 98.4455958549223


247202 254521 98.4455958549223
247394 254713 98.4455958549223


254135 256101 98.4455958549223
254327 256293 98.4455958549223


254135 244864 98.4455958549223
254327 245056 98.4455958549223


254521 247202 98.4455958549223
254713 247394 98.4455958549223


256101 254135 98.4455958549223
256293 254327 98.4455958549223


39518 42314 98.4822646657572
45381 48104 98.4822646657572


42314 39518 98.4822646657572
48104 45381 98.4822646657572


88132 110269 98.559721877328
92145 114257 98.559721877328


110269 88132 98.559721877328
114257 92145 98.559721877328


52679 66216 98.5729967069155
54500 68018 98.5729967069155


66216 52679 98.5729967069155
68018 54500 98.5729967069155


313727 314916 98.5835694050991
314078 315268 98.5835694050991


314916 313727 98.5835694050991
315268 314078 98.5835694050991


146593 144253 98.58934169279
148506 146145 98.58934169279


146593 143785 98.58934169279
148506 145677 98.58934169279


254135 260861 98.5915492957747
254276 261002 98.5915492957747


260861 254135 98.5915492957747
261002 254276 98.5915492957747


52679 58767 98.5981308411215
53962 60034 98.5981308411215


52679 58767 98.5981308411215
53962 60034 98.5981308411215


58767 52679 98.5981308411215
60034 53962 98.5981308411215


58767 52679 98.5981308411215
60034 53962 98.5981308411215


52679 59893 98.6111111111111
52822 60034 98.6111111111111


59893 52679 98.6111111111111
60034 52822 98.6111111111111


348285 349924 98.6271676300578
352433 354030 98.6271676300578


349924 348285 98.6271676300578
354030 352433 98.6271676300578


39518 41615 98.6286759104068
46080 48104 98.6286759104068


41615 39518 98.6286759104068
48104 46080 98.6286759104068


177536 177914 98.6402266288952
179280 179678 98.6402266288952


177914 177536 98.6402266288952
179678 179280 98.6402266288952


289879 287664 98.6455981941309
291627 289435 98.6455981941309


52679 67344 98.6827661909989
54500 69146 98.6827661909989


67344 52679 98.6827661909989
69146 54500 98.6827661909989


156594 157684 98.6842105263158
156745 157835 98.6842105263158


157684 159825 98.6842105263158
157835 159976 98.6842105263158


157684 156594 98.6842105263158
157835 156745 98.6842105263158


157684 161701 98.6842105263158
157835 161852 98.6842105263158


159825 157684 98.6842105263158
159976 157835 98.6842105263158


161701 157684 98.6842105263158
161852 157835 98.6842105263158


128743 128813 98.6992945326279
137790 137790 98.6992945326279


128813 128743 98.6992945326279
137790 137790 98.6992945326279


39518 40916 98.7055907463509
46779 48104 98.7055907463509


40916 39518 98.7055907463509
48104 46779 98.7055907463509


143588 146396 98.7209853150166
145677 148506 98.7209853150166


143588 146396 98.7209853150166
145677 148506 98.7209853150166


146396 143588 98.7209853150166
148506 145677 98.7209853150166


339892 340071 98.7355110642782
340839 341014 98.7355110642782


340071 339892 98.7355110642782
341014 340839 98.7355110642782


305229 306313 98.7538940809969
305548 306633 98.7538940809969


306313 305229 98.7538940809969
306633 305548 98.7538940809969


146125 144253 98.7825356842989
148506 146613 98.7825356842989


31116 34836 98.7915407854985
31446 35165 98.7915407854985


34836 31116 98.7915407854985
35165 31446 98.7915407854985


57176 70274 98.8165680473373
60034 73132 98.8165680473373


70274 57176 98.8165680473373
73132 60034 98.8165680473373


289436 287664 98.8261851015801
291627 289878 98.8261851015801


56954 70052 98.8691437802908
60034 73132 98.8691437802908


70052 56954 98.8691437802908
73132 60034 98.8691437802908


289343 288900 98.8734835355286
291627 291207 98.8734835355286


354030 354030 98.879813302217
362531 362571 98.879813302217


354030 354030 98.879813302217
362531 362571 98.879813302217


53138 56954 98.8994864269993
54500 58304 98.8994864269993


56954 53138 98.8994864269993
58304 54500 98.8994864269993


52679 69595 98.9023051591657
54500 71402 98.9023051591657


52679 65088 98.9023051591657
54500 66895 98.9023051591657


65088 52679 98.9023051591657
66895 54500 98.9023051591657


69595 52679 98.9023051591657
71402 54500 98.9023051591657


143588 145928 98.9143078712679
146145 148506 98.9143078712679


143588 145928 98.9143078712679
146145 148506 98.9143078712679


145928 143588 98.9143078712679
148506 146145 98.9143078712679


37052 38628 98.9473684210526
37146 38722 98.9473684210526


37052 39429 98.9473684210526
37146 39523 98.9473684210526


37052 39340 98.9473684210526
37146 39434 98.9473684210526


37052 39251 98.9473684210526
37146 39345 98.9473684210526


37052 38539 98.9473684210526
37146 38633 98.9473684210526


37052 38717 98.9473684210526
37146 38811 98.9473684210526


37052 39162 98.9473684210526
37146 39256 98.9473684210526


37052 39073 98.9473684210526
37146 39167 98.9473684210526


37052 38984 98.9473684210526
37146 39078 98.9473684210526


37052 38895 98.9473684210526
37146 38989 98.9473684210526


37052 38806 98.9473684210526
37146 38900 98.9473684210526


37751 39340 98.9473684210526
37845 39434 98.9473684210526


37751 39251 98.9473684210526
37845 39345 98.9473684210526


37751 38539 98.9473684210526
37845 38633 98.9473684210526


37751 39429 98.9473684210526
37845 39523 98.9473684210526


37751 39162 98.9473684210526
37845 39256 98.9473684210526


37751 38717 98.9473684210526
37845 38811 98.9473684210526


37751 39073 98.9473684210526
37845 39167 98.9473684210526


37751 38984 98.9473684210526
37845 39078 98.9473684210526


37751 38895 98.9473684210526
37845 38989 98.9473684210526


37751 38806 98.9473684210526
37845 38900 98.9473684210526


37751 38628 98.9473684210526
37845 38722 98.9473684210526


38539 37052 98.9473684210526
38633 37146 98.9473684210526


38539 41615 98.9473684210526
38633 41709 98.9473684210526


38539 47134 98.9473684210526
38633 47228 98.9473684210526


38539 40217 98.9473684210526
38633 40311 98.9473684210526


38539 42314 98.9473684210526
38633 42408 98.9473684210526


38539 46508 98.9473684210526
38633 46602 98.9473684210526


38539 43013 98.9473684210526
38633 43107 98.9473684210526


38539 47833 98.9473684210526
38633 47927 98.9473684210526


38539 43712 98.9473684210526
38633 43806 98.9473684210526


38539 45809 98.9473684210526
38633 45903 98.9473684210526


38539 44411 98.9473684210526
38633 44505 98.9473684210526


38539 37751 98.9473684210526
38633 37845 98.9473684210526


38539 45110 98.9473684210526
38633 45204 98.9473684210526


38628 47134 98.9473684210526
38722 47228 98.9473684210526


38628 37052 98.9473684210526
38722 37146 98.9473684210526


38628 47833 98.9473684210526
38722 47927 98.9473684210526


38628 45110 98.9473684210526
38722 45204 98.9473684210526


38628 41615 98.9473684210526
38722 41709 98.9473684210526


38628 37751 98.9473684210526
38722 37845 98.9473684210526


38628 42314 98.9473684210526
38722 42408 98.9473684210526


38628 46508 98.9473684210526
38722 46602 98.9473684210526


38628 43013 98.9473684210526
38722 43107 98.9473684210526


38628 40217 98.9473684210526
38722 40311 98.9473684210526


38628 45809 98.9473684210526
38722 45903 98.9473684210526


38628 43712 98.9473684210526
38722 43806 98.9473684210526


38628 44411 98.9473684210526
38722 44505 98.9473684210526


38717 43013 98.9473684210526
38811 43107 98.9473684210526


38717 41615 98.9473684210526
38811 41709 98.9473684210526


38717 45110 98.9473684210526
38811 45204 98.9473684210526


38717 44411 98.9473684210526
38811 44505 98.9473684210526


38717 47833 98.9473684210526
38811 47927 98.9473684210526


38717 43712 98.9473684210526
38811 43806 98.9473684210526


38717 45809 98.9473684210526
38811 45903 98.9473684210526


38717 47134 98.9473684210526
38811 47228 98.9473684210526


38717 42314 98.9473684210526
38811 42408 98.9473684210526


38717 46508 98.9473684210526
38811 46602 98.9473684210526


38717 40217 98.9473684210526
38811 40311 98.9473684210526


38717 37052 98.9473684210526
38811 37146 98.9473684210526


38717 37751 98.9473684210526
38811 37845 98.9473684210526


38806 46508 98.9473684210526
38900 46602 98.9473684210526


38806 41615 98.9473684210526
38900 41709 98.9473684210526


38806 47134 98.9473684210526
38900 47228 98.9473684210526


38806 44411 98.9473684210526
38900 44505 98.9473684210526


38806 47833 98.9473684210526
38900 47927 98.9473684210526


38806 37751 98.9473684210526
38900 37845 98.9473684210526


38806 45809 98.9473684210526
38900 45903 98.9473684210526


38806 45110 98.9473684210526
38900 45204 98.9473684210526


38806 42314 98.9473684210526
38900 42408 98.9473684210526


38806 40217 98.9473684210526
38900 40311 98.9473684210526


38806 43712 98.9473684210526
38900 43806 98.9473684210526


38806 43013 98.9473684210526
38900 43107 98.9473684210526


38806 37052 98.9473684210526
38900 37146 98.9473684210526


38895 45809 98.9473684210526
38989 45903 98.9473684210526


38895 43712 98.9473684210526
38989 43806 98.9473684210526


38895 37751 98.9473684210526
38989 37845 98.9473684210526


38895 47134 98.9473684210526
38989 47228 98.9473684210526


38895 47833 98.9473684210526
38989 47927 98.9473684210526


38895 37052 98.9473684210526
38989 37146 98.9473684210526


38895 43013 98.9473684210526
38989 43107 98.9473684210526


38895 41615 98.9473684210526
38989 41709 98.9473684210526


38895 46508 98.9473684210526
38989 46602 98.9473684210526


38895 44411 98.9473684210526
38989 44505 98.9473684210526


38895 45110 98.9473684210526
38989 45204 98.9473684210526


38895 42314 98.9473684210526
38989 42408 98.9473684210526


38895 40217 98.9473684210526
38989 40311 98.9473684210526


38984 44411 98.9473684210526
39078 44505 98.9473684210526


38984 37751 98.9473684210526
39078 37845 98.9473684210526


38984 47833 98.9473684210526
39078 47927 98.9473684210526


38984 37052 98.9473684210526
39078 37146 98.9473684210526


38984 43712 98.9473684210526
39078 43806 98.9473684210526


38984 43013 98.9473684210526
39078 43107 98.9473684210526


38984 42314 98.9473684210526
39078 42408 98.9473684210526


38984 41615 98.9473684210526
39078 41709 98.9473684210526


38984 40217 98.9473684210526
39078 40311 98.9473684210526


38984 45110 98.9473684210526
39078 45204 98.9473684210526


38984 45809 98.9473684210526
39078 45903 98.9473684210526


38984 47134 98.9473684210526
39078 47228 98.9473684210526


38984 46508 98.9473684210526
39078 46602 98.9473684210526


39073 46508 98.9473684210526
39167 46602 98.9473684210526


39073 37052 98.9473684210526
39167 37146 98.9473684210526


39073 40217 98.9473684210526
39167 40311 98.9473684210526


39073 44411 98.9473684210526
39167 44505 98.9473684210526


39073 43712 98.9473684210526
39167 43806 98.9473684210526


39073 47833 98.9473684210526
39167 47927 98.9473684210526


39073 45110 98.9473684210526
39167 45204 98.9473684210526


39073 42314 98.9473684210526
39167 42408 98.9473684210526


39073 41615 98.9473684210526
39167 41709 98.9473684210526


39073 45809 98.9473684210526
39167 45903 98.9473684210526


39073 47134 98.9473684210526
39167 47228 98.9473684210526


39073 37751 98.9473684210526
39167 37845 98.9473684210526


39073 43013 98.9473684210526
39167 43107 98.9473684210526


39162 43013 98.9473684210526
39256 43107 98.9473684210526


39162 37052 98.9473684210526
39256 37146 98.9473684210526


39162 47833 98.9473684210526
39256 47927 98.9473684210526


39162 42314 98.9473684210526
39256 42408 98.9473684210526


39162 41615 98.9473684210526
39256 41709 98.9473684210526


39162 46508 98.9473684210526
39256 46602 98.9473684210526


39162 40217 98.9473684210526
39256 40311 98.9473684210526


39162 44411 98.9473684210526
39256 44505 98.9473684210526


39162 45809 98.9473684210526
39256 45903 98.9473684210526


39162 37751 98.9473684210526
39256 37845 98.9473684210526


39162 47134 98.9473684210526
39256 47228 98.9473684210526


39162 43712 98.9473684210526
39256 43806 98.9473684210526


39162 45110 98.9473684210526
39256 45204 98.9473684210526


39251 47134 98.9473684210526
39345 47228 98.9473684210526


39251 41615 98.9473684210526
39345 41709 98.9473684210526


39251 44411 98.9473684210526
39345 44505 98.9473684210526


39251 46508 98.9473684210526
39345 46602 98.9473684210526


39251 37751 98.9473684210526
39345 37845 98.9473684210526


39251 43712 98.9473684210526
39345 43806 98.9473684210526


39251 42314 98.9473684210526
39345 42408 98.9473684210526


39251 45110 98.9473684210526
39345 45204 98.9473684210526


39251 45809 98.9473684210526
39345 45903 98.9473684210526


39251 37052 98.9473684210526
39345 37146 98.9473684210526


39251 40217 98.9473684210526
39345 40311 98.9473684210526


39251 47833 98.9473684210526
39345 47927 98.9473684210526


39251 43013 98.9473684210526
39345 43107 98.9473684210526


39340 45809 98.9473684210526
39434 45903 98.9473684210526


39340 37052 98.9473684210526
39434 37146 98.9473684210526


39340 43013 98.9473684210526
39434 43107 98.9473684210526


39340 41615 98.9473684210526
39434 41709 98.9473684210526


39340 44411 98.9473684210526
39434 44505 98.9473684210526


39340 46508 98.9473684210526
39434 46602 98.9473684210526


39340 43712 98.9473684210526
39434 43806 98.9473684210526


39340 40217 98.9473684210526
39434 40311 98.9473684210526


39340 37751 98.9473684210526
39434 37845 98.9473684210526


39340 42314 98.9473684210526
39434 42408 98.9473684210526


39340 45110 98.9473684210526
39434 45204 98.9473684210526


39340 47134 98.9473684210526
39434 47228 98.9473684210526


39340 47833 98.9473684210526
39434 47927 98.9473684210526


39429 40217 98.9473684210526
39523 40311 98.9473684210526


39429 45110 98.9473684210526
39523 45204 98.9473684210526


39429 44411 98.9473684210526
39523 44505 98.9473684210526


39429 37052 98.9473684210526
39523 37146 98.9473684210526


39429 47134 98.9473684210526
39523 47228 98.9473684210526


39429 45809 98.9473684210526
39523 45903 98.9473684210526


39429 37751 98.9473684210526
39523 37845 98.9473684210526


39429 42314 98.9473684210526
39523 42408 98.9473684210526


39429 43013 98.9473684210526
39523 43107 98.9473684210526


39429 46508 98.9473684210526
39523 46602 98.9473684210526


39429 41615 98.9473684210526
39523 41709 98.9473684210526


40217 38806 98.9473684210526
40311 38900 98.9473684210526


40217 39429 98.9473684210526
40311 39523 98.9473684210526


40217 39251 98.9473684210526
40311 39345 98.9473684210526


40217 39162 98.9473684210526
40311 39256 98.9473684210526


40217 38717 98.9473684210526
40311 38811 98.9473684210526


40217 38628 98.9473684210526
40311 38722 98.9473684210526


40217 38539 98.9473684210526
40311 38633 98.9473684210526


40217 38895 98.9473684210526
40311 38989 98.9473684210526


40217 39340 98.9473684210526
40311 39434 98.9473684210526


40217 38984 98.9473684210526
40311 39078 98.9473684210526


40217 39073 98.9473684210526
40311 39167 98.9473684210526


41615 38717 98.9473684210526
41709 38811 98.9473684210526


41615 39340 98.9473684210526
41709 39434 98.9473684210526


41615 38539 98.9473684210526
41709 38633 98.9473684210526


41615 39073 98.9473684210526
41709 39167 98.9473684210526


41615 38984 98.9473684210526
41709 39078 98.9473684210526


41615 38628 98.9473684210526
41709 38722 98.9473684210526


41615 38895 98.9473684210526
41709 38989 98.9473684210526


41615 39429 98.9473684210526
41709 39523 98.9473684210526


41615 39251 98.9473684210526
41709 39345 98.9473684210526


41615 39162 98.9473684210526
41709 39256 98.9473684210526


41615 38806 98.9473684210526
41709 38900 98.9473684210526


42314 39251 98.9473684210526
42408 39345 98.9473684210526


42314 38717 98.9473684210526
42408 38811 98.9473684210526


42314 38984 98.9473684210526
42408 39078 98.9473684210526


42314 39162 98.9473684210526
42408 39256 98.9473684210526


42314 39340 98.9473684210526
42408 39434 98.9473684210526


42314 39073 98.9473684210526
42408 39167 98.9473684210526


42314 38895 98.9473684210526
42408 38989 98.9473684210526


42314 38539 98.9473684210526
42408 38633 98.9473684210526


42314 38628 98.9473684210526
42408 38722 98.9473684210526


42314 38806 98.9473684210526
42408 38900 98.9473684210526


42314 39429 98.9473684210526
42408 39523 98.9473684210526


43013 38628 98.9473684210526
43107 38722 98.9473684210526


43013 39162 98.9473684210526
43107 39256 98.9473684210526


43013 38806 98.9473684210526
43107 38900 98.9473684210526


43013 38984 98.9473684210526
43107 39078 98.9473684210526


43013 39340 98.9473684210526
43107 39434 98.9473684210526


43013 39429 98.9473684210526
43107 39523 98.9473684210526


43013 39251 98.9473684210526
43107 39345 98.9473684210526


43013 38717 98.9473684210526
43107 38811 98.9473684210526


43013 38539 98.9473684210526
43107 38633 98.9473684210526


43013 38895 98.9473684210526
43107 38989 98.9473684210526


43013 39073 98.9473684210526
43107 39167 98.9473684210526


43712 39162 98.9473684210526
43806 39256 98.9473684210526


43712 38984 98.9473684210526
43806 39078 98.9473684210526


43712 38806 98.9473684210526
43806 38900 98.9473684210526


43712 38628 98.9473684210526
43806 38722 98.9473684210526


43712 39251 98.9473684210526
43806 39345 98.9473684210526


43712 38539 98.9473684210526
43806 38633 98.9473684210526


43712 38717 98.9473684210526
43806 38811 98.9473684210526


43712 39073 98.9473684210526
43806 39167 98.9473684210526


43712 38895 98.9473684210526
43806 38989 98.9473684210526


43712 39340 98.9473684210526
43806 39434 98.9473684210526


44411 39073 98.9473684210526
44505 39167 98.9473684210526


44411 38539 98.9473684210526
44505 38633 98.9473684210526


44411 39429 98.9473684210526
44505 39523 98.9473684210526


