# Position (bp)	A	C	G	T	N
0.0	31.268949294302146	18.256664924202823	18.61996863565081	31.85441714584422	0.0
1.0	31.23456306112048	18.77262450830491	18.434155329909437	31.558657100665176	0.0
2.0	31.129095418352698	18.921811773919853	19.002741156506982	30.946351651220468	0.0
3.0	30.924542812080453	18.93272852878687	19.310731370325474	30.831997288807205	0.0
4.0	30.424199825582154	19.25885430903198	18.697853619170342	31.619092246215523	0.0
5.0	32.051781954300864	18.383633575086435	18.33684265252541	31.22774181808729	0.0
6.0	30.77172713701564	19.05757123385474	18.865450769130916	31.3052508599987	0.0
7.0	31.131708581799327	17.72750842623801	19.206637282862328	31.934145709100335	0.0
8.0	31.5043308258995	18.089775625671635	18.667219078938853	31.738674469490014	0.0
9.0	30.448274524508346	18.98346284635575	18.43653430909867	32.13172832003724	0.0
10.0	31.307783688859047	18.248024378906045	18.551469448892103	31.8927224833428	0.0
11.0	31.038396553725512	18.955799466033817	17.988469425921867	32.01733455431881	0.0
12.0	32.218931101094654	18.370895041854478	18.628461043142305	30.781712813908563	0.0
13.0	31.76031888903176	18.055805580558058	18.528995756718526	31.654879773691658	0.0
14.0	32.09066392705792	18.362655708231667	18.292025170155387	31.254655194555024	0.0
15.0	30.734698065773948	18.019855317839003	19.144733466728233	32.100713149658816	0.0
16.0	31.63841807909605	18.382720319766324	19.029683436463095	30.949178164674535	0.0
17.0	31.790731594974282	18.196473809462884	18.723611146651653	31.289183448911178	0.0
18.0	31.130990415335464	18.315654952076677	18.580191693290736	31.973162939297122	0.0
19.0	32.19586273784153	17.892829341126326	18.525797271601945	31.385510649430202	0.0
20.0	30.987369521163384	19.28346567084284	18.820815436968687	30.908349371025096	0.0
21.0	31.74960852461521	17.90092808310736	19.11036423124419	31.23909916103324	0.0
22.0	31.48953485414918	18.493934538796065	18.68467231250477	31.331858294549985	0.0
23.0	31.41010172849541	18.75690572651418	18.30985915492958	31.52313339006083	0.0
24.0	31.00303180220979	18.954472225393562	19.46696096713222	30.575535005264427	0.0
25.0	31.001051871190132	18.491388596702446	18.638397100383997	31.869162431723417	0.0
26.0	32.29117881599433	18.090452261306535	18.36132805083351	31.257040871865627	0.0
27.0	31.421276165436346	18.30063707149358	18.748103953888158	31.529982809181917	0.0
28.0	30.88612068203905	18.82044097787538	18.48219807403481	31.81124026605076	0.0
29.0	31.498682933592125	18.793088237147572	18.680917031118057	31.027311798142243	0.0
30.0	30.116409590233197	18.554906733594827	19.095965392425178	32.2327182837468	0.0
31.0	31.682680774232647	19.0591027891062	18.30279920708072	30.955417229580434	0.0
32.0	31.43149982917663	18.142707107517495	18.672892229434765	31.752900833871113	0.0
33.0	31.53195369690215	17.763874464905392	18.440183388636996	32.263988449555455	0.0
34.0	31.88720448947462	18.157233183514894	18.660013712196236	31.29554861481425	0.0
35.0	31.252542200528776	18.06360585723002	18.779235306080942	31.90461663616026	0.0
36.0	31.334071444024485	18.135888723450286	18.717469043892134	31.812570788633092	0.0
37.0	31.353837529303842	18.420650290490265	18.544236061563552	31.681276118642337	0.0
38.0	31.095577636899367	17.921604143015678	18.569588121994464	32.41323009809049	0.0
39.0	31.655190914781368	17.60452727992744	18.649480716904485	32.09080108838671	0.0
40.0	31.849100108883622	18.423108947671814	18.55889323000064	31.168897713443926	0.0
41.0	31.07176333123612	18.525699464567737	18.533403525892066	31.869133678304078	0.0
42.0	31.56805266270668	18.493661446681582	18.690375170356656	31.247910720255085	0.0
43.0	30.964146912722313	18.328057035492755	18.751447764651378	31.956348287133558	0.0
44.0	31.45213245715758	18.39582528024739	18.89576085555985	31.256281407035175	0.0
45.0	30.962580645161292	18.91483870967742	18.820645161290322	31.30193548387097	0.0
46.0	32.08207884841515	18.13694452699996	18.84376332553722	30.937213299047666	0.0
47.0	31.804597849851866	17.929544484262003	18.72388320374659	31.54197446213954	0.0
48.0	31.240529935117916	17.874302290946297	19.034668531540984	31.850499242394807	0.0
49.0	30.988472360896797	18.380684396841247	18.953824608721586	31.67701863354037	0.0
50.0	31.14705156994328	18.48236653210628	18.58880336444231	31.78177853350813	0.0
51.0	31.200604143067327	18.414645261252815	19.137273283595693	31.247477312084165	0.0
52.0	31.278354278562865	18.488293267977266	18.591281222297543	31.642071231162326	0.0
53.0	31.31036282954842	18.34116418689637	18.48211955103106	31.866353432524146	0.0
54.0	31.74710992097185	18.25746195545686	18.994187185683494	31.001240937887793	0.0
55.0	30.815551773792382	18.785181306453723	18.83754418117555	31.561722738578347	0.0
56.0	31.43804382010693	18.340496907432644	19.006185134710137	31.21527413775029	0.0
57.0	31.08070884216325	18.450358749688473	19.06948069834857	31.399451709799703	0.0
58.0	31.590007617746725	18.293099372192597	18.421813023720087	31.69507998634059	0.0
59.0	31.338926439260444	18.31523025537175	18.59137890224338	31.754464403124427	0.0
60.0	31.22893406361913	18.21808510638298	18.763166210238044	31.78981461975985	0.0
61.0	31.609816533108393	18.463991986503586	18.403363559679462	31.52282792070856	0.0
62.0	31.430192513227862	18.489978492353572	18.875268845580376	31.20456014883819	0.0
63.0	31.397068532945994	18.208107751221444	18.78383731678331	31.610986399049253	0.0
64.0	31.199057901979465	18.321954059489784	18.91341166507886	31.565576373451886	0.0
65.0	31.309345658248468	18.162916661148707	18.79196408470289	31.735773595899936	0.0
66.0	31.31297062254746	18.333068193869977	18.962774419344576	31.39118676423799	0.0
67.0	31.140356701770227	18.249425638437735	18.805859151936893	31.80435850785514	0.0
68.0	31.29877554276294	18.32697395535584	18.961139104191872	31.413111397689352	0.0
69.0	31.198935462408517	18.557551563539587	18.640053226879573	31.603459747172323	0.0
70.0	31.443608020784758	18.46645793085071	18.590367064152954	31.49956698421158	0.0
71.0	31.70211062785175	18.224511033433842	18.847559836699844	31.22581850201457	0.0
72.0	31.08988914117804	18.649659409643384	18.77788166154668	31.4825697876319	0.0
73.0	31.313766129571434	18.149361502975196	18.64411312428963	31.892759243163738	0.0
74.0	31.311225309137626	18.51480113484289	18.680745142123012	31.493228413896475	0.0
75.0	31.36290538729563	18.584829804342	18.745644599303134	31.306620209059233	0.0
76.0	31.68931882521836	18.2576845155837	18.735325292152467	31.31767136704547	0.0
77.0	31.6051040967092	18.153122901276024	18.93216924110141	31.30960376091336	0.0
78.0	31.05497371640607	18.161896183165055	18.68219034430836	32.10093975612052	0.0
79.0	31.528803843203747	18.419388263157185	18.720816007966302	31.33099188567276	0.0
80.0	31.368455083044843	18.35607581125315	18.897584762315287	31.377884343386718	0.0
81.0	31.696133565292445	18.055049830750765	18.773853353292605	31.474963250664185	0.0
82.0	31.44160805648177	17.956990698867394	18.95730118660313	31.64410005804771	0.0
83.0	31.487164235599472	18.12282859962419	18.791991672637316	31.598015492139027	0.0
84.0	31.428223416205388	18.19756662020057	18.661776448456468	31.712433515137572	0.0
85.0	31.1969111969112	18.379733116575224	18.7780261464472	31.64532954006638	0.0
86.0	31.581802891788513	18.268996012261617	18.58231831375634	31.566882782193527	0.0
87.0	31.39986422267481	18.361167684996605	18.597420230821452	31.64154786150713	0.0
88.0	31.15159755268525	18.460910944935417	18.89598912304555	31.491502379333784	0.0
89.0	31.53897456139157	18.50253841651808	18.804698452450626	31.153788569639723	0.0
90.0	31.34914145543745	18.379667484328156	18.6399563913873	31.631234668847096	0.0
91.0	31.42182745964826	18.168174314054546	18.89539246585622	31.514605760440972	0.0
92.0	31.524738409419996	18.178837800180315	18.42881731005655	31.86760648034314	0.0
93.0	31.383517054624033	18.430482234196777	18.699909734948985	31.4860909762302	0.0
94.0	31.264805356629378	18.266215716613495	19.167202968602375	31.301775958154753	0.0
95.0	31.120007677858975	18.12248927156313	19.145289770623965	31.61221327995393	0.0
96.0	31.455618054602823	18.407188914803125	18.71175744272191	31.425435587872137	0.0
97.0	31.3449440980139	18.378979754415845	18.737466692305578	31.538609455264677	0.0
98.0	31.26813637176296	18.231953020780328	19.029609560876324	31.47030104658039	0.0
99.0	31.39552495697074	18.47986230636833	18.559724612736662	31.564888123924266	0.0
100.0	31.23388886591401	18.42355568421488	18.626194119349904	31.71636133052121	0.0
101.0	31.53362040410732	18.395992050347797	18.545048029148724	31.525339516396155	0.0
102.0	31.159820885621098	18.467024158328265	18.52645254021781	31.84670241583283	0.0
103.0	31.474588700862032	18.43616388316199	18.80422299400866	31.285024421967318	0.0
104.0	31.178564996328674	18.436984802094734	18.657264377052133	31.72718582452446	0.0
105.0	31.49774540409296	18.218522372528618	18.636142906694417	31.647589316684012	0.0
106.0	31.229508196721312	18.360655737704917	18.90803000833565	31.501806057238124	0.0
107.0	31.5189714905873	18.323106677241167	18.732172920927773	31.425748911243755	0.0
108.0	31.216039234263103	18.16674561819043	18.863376710229332	31.753838437317132	0.0
109.0	31.287059644227416	18.321590512731078	18.571328915242415	31.820020927799092	0.0
110.0	31.150197683678172	18.188295449782757	18.76388326185054	31.897623604688523	0.0
111.0	31.74554308583583	18.142509305644957	18.822591027399177	31.289356581120035	0.0
112.0	31.29913260373022	18.581057410703025	18.611885711082774	31.50792427448398	0.0
113.0	31.449259092950154	18.25325550067355	18.599854063762912	31.69763134261338	0.0
114.0	31.406329042774438	18.176325108200775	18.63161148895509	31.7857343600697	0.0
115.0	31.06020095128198	18.430384734457235	18.932762939405027	31.576651374855757	0.0
116.0	31.33972977161616	18.422869380221762	18.699015173929585	31.5383856742325	0.0
117.0	31.26040461612257	18.4771874382777	18.484241415309953	31.778166530289774	0.0
118.0	31.40063858043005	18.159984176768106	18.985052697013366	31.454324545788477	0.0
119.0	31.392716674683797	18.08098242834102	18.966639314111088	31.559661582864095	0.0
120.0	31.235744946096418	18.31446825992718	18.66721443851025	31.782572355466147	0.0
121.0	31.295836584154905	18.311937016809704	18.89212000851124	31.500106390524152	0.0
122.0	31.66860845102441	18.07564434088261	18.612713477877865	31.643033730215116	0.0
123.0	31.141174462273813	18.34528280414248	18.767781950608853	31.74576078297485	0.0
124.0	31.251780525326193	18.271038687254286	19.025981425559795	31.45119936185972	0.0
125.0	31.42070657367393	18.22201303609887	18.949410237759047	31.40787015246816	0.0
126.0	31.3269532923868	18.108841594057992	18.895872018283104	31.668333095272104	0.0
127.0	31.626816153758153	18.140086946573618	18.7364145978721	31.49668230179613	0.0
128.0	31.246957069622244	18.21891915112982	18.940630638370994	31.593493140876937	0.0
129.0	31.42611314261131	18.485695848569588	18.601849860184984	31.486341148634118	0.0
130.0	31.218314208160393	18.523890907524162	18.857085409814875	31.400709474500566	0.0
131.0	31.422407593844383	18.164820940601178	18.60491874011218	31.807852725442253	0.0
132.0	31.32696711748693	18.329516484466147	18.696798167912544	31.64671823013438	0.0
133.0	31.53097281315353	18.360135573664095	18.458210139179346	31.65068147400303	0.0
134.0	31.148724762427427	18.088732272320268	19.06935097195344	31.693191993298864	0.0
135.0	31.61754071331463	18.32171473200081	18.529981776633594	31.53076277805097	0.0
136.0	31.269910222994497	18.18273964668404	18.761946133796698	31.785403996524764	0.0
137.0	31.514993329853258	18.0499970999362	18.524157531465693	31.910852038744853	0.0
138.0	31.377247248119428	18.134820365368416	18.924806134007145	31.563126252505008	0.0
139.0	31.324705540206487	18.2623236876545	18.75963356114585	31.653337210993165	0.0
140.0	31.091176513419448	18.3852975869752	18.98527719931847	31.538248700286886	0.0
141.0	31.297476198113344	18.313966203507952	18.688672780556082	31.69988481782262	0.0
142.0	31.608842941416977	18.37801530284446	18.488990129081245	31.52415162665732	0.0
143.0	31.392219947353027	18.119333138344544	19.163498098859318	31.32494881544311	0.0
144.0	31.38630538264372	18.14719882826803	18.662760893445622	31.80373489564262	0.0
145.0	31.58126366130239	18.051256473073483	18.671791335983688	31.695688529640442	0.0
146.0	31.146890746426525	18.59969737479984	18.79655066033994	31.456861218433694	0.0
147.0	31.38628137598211	18.25324426919342	18.937409881411295	31.423064473413177	0.0
148.0	31.25920905286733	18.418105734661403	18.76731301939058	31.55537219308069	0.0
149.0	31.339237037146184	18.378593425376103	18.794112013202295	31.48805752427542	0.0
