# Position (bp)	A	C	G	T	N
0.0	32.09761188234152	18.13658868071061	19.12435685855742	30.64144257839045	0.0
1.0	31.134571047203007	18.43950976823201	18.94915665574566	31.476762528819318	0.0
2.0	33.003552419403725	18.50289164514604	17.866365984068672	30.62718995138156	0.0
3.0	31.309865465421826	17.766798658287016	18.802145772029885	32.121190104261274	0.0
4.0	32.136638452237	18.233373639661426	18.21644498186215	31.41354292623942	0.0
5.0	31.483828908768245	18.158221964675914	18.917581157268238	31.440367969287603	0.0
6.0	32.213364850034374	18.156272989302813	18.55063375101002	31.079728409652795	0.0
7.0	31.148883882858897	18.52525568900507	18.43490621724832	31.890954210887713	0.0
8.0	31.507277757728858	18.289426199927824	19.2168892096716	30.98640683267172	0.0
9.0	31.370075334318564	17.81350250513643	18.82877362457797	31.98764853596703	0.0
10.0	31.215350277197786	18.35985312117503	19.11464708282334	31.310149518803847	0.0
11.0	31.218009421862075	18.366637498052096	18.638744710691295	31.77660836939453	0.0
12.0	31.507472695918757	18.025483809158843	18.805087181452386	31.661956313470014	0.0
13.0	31.79632553466341	18.119946414047174	18.71202334816516	31.371704703124255	0.0
14.0	32.00368064435176	18.606374206809193	18.281330290029995	31.108614858809048	0.0
15.0	31.58855969632583	18.3398190369327	18.1500226800678	31.92159858667367	0.0
16.0	30.98460547811259	18.75842167396048	18.243283528696296	32.01368931923063	0.0
17.0	32.18326465474121	18.64921515851654	18.41221446776076	30.75530571898149	0.0
18.0	31.547583647544396	18.6671107252031	18.988260202443115	30.797045424809394	0.0
19.0	31.223418157625872	18.495022215886138	17.965167391356	32.31639223513199	0.0
20.0	31.93819791382359	18.48485208083637	18.442131744769725	31.13481826057032	0.0
21.0	31.264670317945797	18.278919790407095	18.450814424923536	32.00559546672357	0.0
22.0	32.32542164108395	18.177942012507106	18.39586886488535	31.100767481523594	0.0
23.0	31.29539808352064	17.991245711581687	18.561457470720455	32.151898734177216	0.0
24.0	32.23812506648072	18.01775182895841	18.367588138658096	31.37653496590278	0.0
25.0	31.481328437680784	18.665659201190067	18.213480360326326	31.639532000802824	0.0
26.0	31.96373411304204	19.09028743898701	18.013864981489778	30.93211346648117	0.0
27.0	31.152695668558778	18.50224933462091	18.11597616411899	32.22907883270132	0.0
28.0	32.07467268941666	18.27175306725012	18.869322793520837	30.784251449812377	0.0
29.0	31.028729216849776	18.638152869984136	18.843781211444686	31.489336701721406	0.0
30.0	31.790432051568583	18.49599473021773	18.173691082540316	31.53988213567337	0.0
31.0	31.791185481970302	18.016733443318405	18.105114305915627	32.08696676879567	0.0
32.0	31.96319018404908	18.680981595092025	18.710476639924494	30.645351580934406	0.0
33.0	31.47863873603665	19.14838344000189	18.317077202843446	31.05590062111801	0.0
34.0	31.244162262500147	18.648837181806357	18.410007212192152	31.69699334350134	0.0
35.0	32.05888633182282	18.648129255735604	18.548482763529385	30.74450164891219	0.0
36.0	31.46542508967385	18.774496995035275	18.263771765208922	31.496306150081953	0.0
37.0	30.85456772214361	18.917729872415308	18.31250520207845	31.915197203362624	0.0
38.0	30.91463124315574	18.866352425843928	18.84730752749607	31.371708803504262	0.0
39.0	31.480841427805256	18.418449436863117	18.510219891544008	31.590489243787616	0.0
40.0	31.690367876204462	18.75798497928383	18.463063127604446	31.088584016907262	0.0
41.0	31.0013274495031	18.236286011552398	19.213336681854603	31.549049857089894	0.0
42.0	31.053847903919152	18.89286697879372	18.643803958665117	31.40948115862201	0.0
43.0	31.08729863171678	18.634599906298426	18.56132047139099	31.7167809905938	0.0
44.0	31.36711787658365	18.323377812033335	18.699118454646175	31.61038585673684	0.0
45.0	31.439425918108903	18.39835976602545	18.78912138937466	31.373092926490987	0.0
46.0	31.593655863245377	18.06457856978671	19.161857752936765	31.17990781403114	0.0
47.0	31.148772244363954	18.369695574749542	18.527177797429406	31.9543543834571	0.0
48.0	31.583416219887923	18.243128502462337	18.902986341913103	31.270468935736638	0.0
49.0	32.080879227639805	18.381201044386422	18.49778371485822	31.04013601311555	0.0
50.0	31.679412515653688	18.205692470425173	18.354022541307494	31.76087247261365	0.0
51.0	31.789691474472097	18.650276881884015	18.274204344915717	31.28582729872817	0.0
52.0	31.250609221171654	18.491081002046982	18.581245735451798	31.677064041329565	0.0
53.0	31.469213971135428	18.81564981883395	18.724151813490465	30.990984396540156	0.0
54.0	31.02214297055339	18.97602501312945	18.39588651269587	31.605945503621285	0.0
55.0	31.847702449823267	18.478247575249814	18.387739875979992	31.286310098946927	0.0
56.0	31.448758923870052	18.568996975374404	18.436746139622596	31.545497961132952	0.0
57.0	31.51804449461917	18.55251371283423	18.848244634508486	31.081197158038115	0.0
58.0	31.292308070322	18.664078528692706	18.598965563841418	31.444647837143876	0.0
59.0	31.408443777816025	18.48336570852492	18.559590843148342	31.548599670510708	0.0
60.0	31.521672226804377	18.77808279886253	18.941809363189837	30.758435611143252	0.0
61.0	31.508385395487537	18.624080440649145	18.516875531403645	31.350658632459677	0.0
62.0	31.567576909782236	18.56328082563824	18.43859562490741	31.430546639672112	0.0
63.0	31.458446900242826	18.566331334555727	18.682789038108925	31.292432727092525	0.0
64.0	31.340840319460288	18.71620616101989	18.55622798749938	31.38672553202044	0.0
65.0	31.34019083543236	18.48299480103731	18.623205489310486	31.553608874219847	0.0
66.0	31.138089143481988	18.83270996682282	18.779278551635873	31.24992233805932	0.0
67.0	31.49044142340079	18.586052065324196	18.739039042774163	31.184467468500856	0.0
68.0	31.554449284380837	18.350964530180462	18.842563783447417	31.252022401991287	0.0
69.0	31.612573791316912	18.421052631578945	18.724935860711884	31.241437716392255	0.0
70.0	31.558546768866453	18.612824827070483	18.672649093288467	31.1559793107746	0.0
71.0	31.734211478252195	18.63563222692063	18.497174718407365	31.132981576419816	0.0
72.0	31.470547851160234	18.748517718722304	18.410245528191428	31.37068890192603	0.0
73.0	31.650694088688414	18.214986318143765	18.649806954631217	31.484512638536604	0.0
74.0	31.484306614980618	18.586970113792674	18.56946354883081	31.359259722395898	0.0
75.0	31.55707956849298	18.593096888844393	18.68695717468025	31.162866367982378	0.0
76.0	31.481899035450333	18.370286859576602	18.629587874232744	31.51822623074032	0.0
77.0	31.397652605707982	18.755329287254852	18.520840648041332	31.326177458995836	0.0
78.0	31.551533711531704	18.523771273658316	18.518750941312316	31.405944073497665	0.0
79.0	31.061338826987576	18.843820267061943	18.83251472860427	31.26232617734621	0.0
80.0	31.37486641101402	18.81687307474697	18.47614257873892	31.332117935500094	0.0
81.0	31.485023911401967	18.852252705763906	18.511200604077523	31.151522778756608	0.0
82.0	31.41756179874325	18.717809875206207	18.669957562554305	31.19467076349624	0.0
83.0	31.17084420248762	18.728970549317605	18.921779894900006	31.17840535329477	0.0
84.0	31.298499741334712	18.70717827716301	18.625162454418128	31.36915952708415	0.0
85.0	31.250631249368748	18.80744369255631	18.60923139076861	31.332693667306334	0.0
86.0	31.32312435246254	18.553053849847117	18.625072650544563	31.498749147145784	0.0
87.0	31.634124133744752	18.708584146896655	18.432899994941575	31.224391724417018	0.0
88.0	31.422314488974408	18.661231929922277	18.41945365705461	31.49699992404871	0.0
89.0	31.153524446810128	18.737485108863712	18.93011938255646	31.1788710617697	0.0
90.0	31.07888660526249	18.827230976123417	18.880515592093577	31.213366826520517	0.0
91.0	31.395156886896675	18.55595484501784	18.558494495307993	31.490393772777487	0.0
92.0	31.295914995297284	18.61765677826076	18.98370573730903	31.102722489132923	0.0
93.0	31.251192915039	18.787616587563143	18.50004453549479	31.461145961903064	0.0
94.0	31.286147417768607	18.504930061912404	18.675635048026702	31.533287472292287	0.0
95.0	31.279808207299343	18.61179831161213	18.77120048968349	31.337192991405033	0.0
96.0	31.215451980646726	18.49412125157979	18.73922867756884	31.55119809020464	0.0
97.0	31.46938931980526	18.805985407056237	18.368963798765606	31.355661474372898	0.0
98.0	31.481244562714295	18.673558159766646	18.77078962182079	31.074407655698277	0.0
99.0	31.46015601982912	18.568665377176018	18.650646239768403	31.320532363226462	0.0
100.0	31.438315767879583	18.543734133394878	18.700156422288895	31.31779367643665	0.0
101.0	31.3356779791549	18.636083585767828	18.869692457770704	31.158545977306566	0.0
102.0	31.295541876036136	18.750080320769023	18.541888887460964	31.412488915733878	0.0
103.0	31.573935869061714	18.459519275310104	18.93689845076947	31.029646404858717	0.0
104.0	31.544298578992798	18.587753314180443	18.578735136110073	31.28921297071669	0.0
105.0	31.2523378951849	18.69542223999381	18.704451352432056	31.34778851238923	0.0
106.0	31.45960045971668	18.618525549141907	18.725706685261947	31.19616730587947	0.0
107.0	31.316095669036848	18.496444731738848	18.648998060762768	31.538461538461537	0.0
108.0	31.776463125736253	18.713510854509444	18.39376561508887	31.11626040466543	0.0
109.0	31.409766399336643	18.631045696591215	18.51184846404001	31.44733944003213	0.0
110.0	31.361153990841757	18.88077417011506	18.402106655943133	31.355965183100054	0.0
111.0	31.403155639244208	18.59489643529641	18.74423738718265	31.257710538276733	0.0
112.0	31.367093544822204	18.71416498732367	18.749268673210686	31.16947279464344	0.0
113.0	31.331449922537136	18.55984168934137	18.712163622397835	31.39654476572366	0.0
114.0	31.59239321698101	18.476036548011628	18.635054287613563	31.296515947393804	0.0
115.0	31.469927952385923	18.36953116842435	18.881173645191605	31.279367233998123	0.0
116.0	31.31673528066392	18.80023524799059	18.64078938770176	31.24224008364373	0.0
117.0	31.31738720820685	18.643358107400818	18.625039254684392	31.414215429707948	0.0
118.0	31.497425010811025	18.613306076450314	18.60806436817759	31.28120454456107	0.0
119.0	31.269024876666318	18.6430670725307	18.975018368846435	31.112889681956545	0.0
120.0	31.536288998357964	18.598357963875205	18.686371100164205	31.17898193760263	0.0
121.0	31.54910679049699	18.852113973006393	18.462732510721143	31.136046725775472	0.0
122.0	31.25971596448239	18.724475008563225	18.791663373119384	31.224145653835006	0.0
123.0	31.36662754355194	18.59315037782379	18.771182529111556	31.269039549512716	0.0
124.0	31.382156772105922	18.71888001056594	18.622465825794094	31.276497391534043	0.0
125.0	31.496250446375427	18.586411670568317	18.816543004139717	31.10079487891653	0.0
126.0	31.24371127469152	18.995922258115765	18.425303182756977	31.335063284435737	0.0
127.0	31.55592087818847	18.483852150395077	18.72381608951583	31.23641088190062	0.0
128.0	31.363726856460282	18.428561948370827	18.966089322450063	31.241621872718827	0.0
129.0	31.288702261673794	18.70066707417546	18.71927073643926	31.291359927711483	0.0
130.0	31.527336109743604	18.437404366858708	18.86983248400016	31.165427039397525	0.0
131.0	31.41509810973904	18.71345029239766	18.902609599168766	30.968841998694536	0.0
132.0	31.269923839248797	18.904138823309722	18.772091286196364	31.053846051245117	0.0
133.0	31.54232443838983	18.756844832652188	18.704757325640408	30.996073403317574	0.0
134.0	31.10095176986419	18.56352261790183	18.94583467008876	31.389690942145226	0.0
135.0	31.6591052046948	18.561047095194123	18.55569384778041	31.224153852330673	0.0
136.0	31.141567193172836	18.777380330372573	18.718433074769237	31.362619401685354	0.0
137.0	31.438037369388223	18.47678832508417	18.54922001797379	31.535954287553817	0.0
138.0	31.484217595701814	18.838146406984553	18.617864338482203	31.05977165883143	0.0
139.0	31.226885783832486	18.67561424978819	18.703855619360134	31.39364434701919	0.0
140.0	31.60424998990021	18.76674881159186	18.679217333925855	30.94978386458207	0.0
141.0	31.416895937854022	18.831256406106707	18.88924852996709	30.862599126072183	0.0
142.0	31.386979595694974	18.608294059659976	18.617746748950076	31.386979595694974	0.0
143.0	31.28718226068145	18.731746890210925	18.619524067063278	31.361546782044346	0.0
144.0	31.605880919502884	18.663525844096064	18.502423307069556	31.22816992933149	0.0
145.0	31.188219501281374	18.92771427409185	18.709406229237008	31.17465999538977	0.0
146.0	31.39613828313826	18.77630828558238	18.69076392472096	31.136789506558397	0.0
147.0	31.488279762875944	18.69119486593789	18.66128242780225	31.159242943383912	0.0
148.0	31.458670768058145	18.75161628397599	18.623674647139687	31.166038300826177	0.0
149.0	31.480448067945176	18.58148112860857	19.027915776292687	30.910155027153568	0.0
